-1.0000      0.047049548     -0.015929457
-0.9990      0.046518797     -0.015931536
-0.9980      0.045987975     -0.015933641
-0.9970      0.045457082     -0.015935772
-0.9960      0.044926116     -0.015937930
-0.9950      0.044395077     -0.015940113
-0.9940      0.043863964     -0.015942323
-0.9930      0.043332777     -0.015944559
-0.9920      0.042801513     -0.015946820
-0.9910      0.042270174     -0.015949108
-0.9900      0.041738756     -0.015951421
-0.9890      0.041207261     -0.015953760
-0.9880      0.040675686     -0.015956124
-0.9870      0.040144032     -0.015958514
-0.9860      0.039612296     -0.015960930
-0.9850      0.039080480     -0.015963371
-0.9840      0.038548580     -0.015965837
-0.9830      0.038016598     -0.015968328
-0.9820      0.037484531     -0.015970845
-0.9810      0.036952380     -0.015973387
-0.9800      0.036420143     -0.015975954
-0.9790      0.035887819     -0.015978546
-0.9780      0.035355408     -0.015981164
-0.9770      0.034822909     -0.015983806
-0.9760      0.034290320     -0.015986473
-0.9750      0.033757642     -0.015989165
-0.9740      0.033224873     -0.015991881
-0.9730      0.032692013     -0.015994623
-0.9720      0.032159061     -0.015997389
-0.9710      0.031626015     -0.016000180
-0.9700      0.031092876     -0.016002995
-0.9690      0.030559642     -0.016005836
-0.9680      0.030026312     -0.016008700
-0.9670      0.029492887     -0.016011589
-0.9660      0.028959364     -0.016014503
-0.9650      0.028425743     -0.016017441
-0.9640      0.027892023     -0.016020403
-0.9630      0.027358204     -0.016023390
-0.9620      0.026824285     -0.016026401
-0.9610      0.026290264     -0.016029437
-0.9600      0.025756142     -0.016032496
-0.9590      0.025221917     -0.016035580
-0.9580      0.024687588     -0.016038688
-0.9570      0.024153155     -0.016041820
-0.9560      0.023618617     -0.016044977
-0.9550      0.023083973     -0.016048157
-0.9540      0.022549222     -0.016051362
-0.9530      0.022014364     -0.016054590
-0.9520      0.021479398     -0.016057843
-0.9510      0.020944323     -0.016061120
-0.9500      0.020409137     -0.016064420
-0.9490      0.019873842     -0.016067745
-0.9480      0.019338434     -0.016071094
-0.9470      0.018802915     -0.016074466
-0.9460      0.018267282     -0.016077863
-0.9450      0.017731536     -0.016081283
-0.9440      0.017195675     -0.016084727
-0.9430      0.016659699     -0.016088195
-0.9420      0.016123607     -0.016091687
-0.9410      0.015587397     -0.016095203
-0.9400      0.015051070     -0.016098742
-0.9390      0.014514625     -0.016102306
-0.9380      0.013978060     -0.016105893
-0.9370      0.013441375     -0.016109504
-0.9360      0.012904569     -0.016113138
-0.9350      0.012367642     -0.016116797
-0.9340      0.011830592     -0.016120479
-0.9330      0.011293419     -0.016124185
-0.9320      0.010756122     -0.016127915
-0.9310      0.010218701     -0.016131669
-0.9300      0.009681153     -0.016135446
-0.9290      0.009143480     -0.016139247
-0.9280      0.008605679     -0.016143072
-0.9270      0.008067750     -0.016146920
-0.9260      0.007529693     -0.016150792
-0.9250      0.006991506     -0.016154688
-0.9240      0.006453189     -0.016158608
-0.9230      0.005914741     -0.016162551
-0.9220      0.005376161     -0.016166518
-0.9210      0.004837449     -0.016170509
-0.9200      0.004298603     -0.016174524
-0.9190      0.003759623     -0.016178562
-0.9180      0.003220508     -0.016182624
-0.9170      0.002681257     -0.016186710
-0.9160      0.002141870     -0.016190820
-0.9150      0.001602345     -0.016194953
-0.9140      0.001062682     -0.016199110
-0.9130      0.000522881     -0.016203291
-0.9120     -0.000017061     -0.016207496
-0.9110     -0.000557142     -0.016211725
-0.9100     -0.001097365     -0.016215977
-0.9090     -0.001637730     -0.016220253
-0.9080     -0.002178238     -0.016224553
-0.9070     -0.002718890     -0.016228877
-0.9060     -0.003259685     -0.016233225
-0.9050     -0.003800626     -0.016237597
-0.9040     -0.004341713     -0.016241992
-0.9030     -0.004882947     -0.016246412
-0.9020     -0.005424328     -0.016250855
-0.9010     -0.005965858     -0.016255323
-0.9000     -0.006507536     -0.016259814
-0.8990     -0.007049365     -0.016264329
-0.8980     -0.007591345     -0.016268869
-0.8970     -0.008133475     -0.016273432
-0.8960     -0.008675759     -0.016278019
-0.8950     -0.009218195     -0.016282631
-0.8940     -0.009760785     -0.016287266
-0.8930     -0.010303530     -0.016291926
-0.8920     -0.010846430     -0.016296610
-0.8910     -0.011389487     -0.016301318
-0.8900     -0.011932701     -0.016306050
-0.8890     -0.012476072     -0.016310806
-0.8880     -0.013019603     -0.016315587
-0.8870     -0.013563293     -0.016320392
-0.8860     -0.014107143     -0.016325221
-0.8850     -0.014651154     -0.016330074
-0.8840     -0.015195327     -0.016334952
-0.8830     -0.015739663     -0.016339854
-0.8820     -0.016284162     -0.016344781
-0.8810     -0.016828826     -0.016349731
-0.8800     -0.017373655     -0.016354707
-0.8790     -0.017918650     -0.016359707
-0.8780     -0.018463811     -0.016364731
-0.8770     -0.019009140     -0.016369780
-0.8760     -0.019554638     -0.016374854
-0.8750     -0.020100304     -0.016379952
-0.8740     -0.020646141     -0.016385075
-0.8730     -0.021192149     -0.016390222
-0.8720     -0.021738328     -0.016395394
-0.8710     -0.022284679     -0.016400591
-0.8700     -0.022831204     -0.016405813
-0.8690     -0.023377903     -0.016411059
-0.8680     -0.023924777     -0.016416331
-0.8670     -0.024471827     -0.016421627
-0.8660     -0.025019053     -0.016426949
-0.8650     -0.025566457     -0.016432295
-0.8640     -0.026114038     -0.016437666
-0.8630     -0.026661799     -0.016443062
-0.8620     -0.027209740     -0.016448484
-0.8610     -0.027757862     -0.016453931
-0.8600     -0.028306165     -0.016459402
-0.8590     -0.028854650     -0.016464899
-0.8580     -0.029403319     -0.016470422
-0.8570     -0.029952171     -0.016475969
-0.8560     -0.030501209     -0.016481542
-0.8550     -0.031050432     -0.016487141
-0.8540     -0.031599842     -0.016492764
-0.8530     -0.032149440     -0.016498414
-0.8520     -0.032699225     -0.016504089
-0.8510     -0.033249200     -0.016509789
-0.8500     -0.033799365     -0.016515515
-0.8490     -0.034349720     -0.016521267
-0.8480     -0.034900267     -0.016527045
-0.8470     -0.035451007     -0.016532848
-0.8460     -0.036001940     -0.016538677
-0.8450     -0.036553067     -0.016544532
-0.8440     -0.037104390     -0.016550413
-0.8430     -0.037655908     -0.016556320
-0.8420     -0.038207623     -0.016562253
-0.8410     -0.038759536     -0.016568212
-0.8400     -0.039311647     -0.016574198
-0.8390     -0.039863958     -0.016580209
-0.8380     -0.040416469     -0.016586247
-0.8370     -0.040969181     -0.016592311
-0.8360     -0.041522095     -0.016598401
-0.8350     -0.042075212     -0.016604518
-0.8340     -0.042628533     -0.016610661
-0.8330     -0.043182059     -0.016616831
-0.8320     -0.043735790     -0.016623028
-0.8310     -0.044289727     -0.016629251
-0.8300     -0.044843872     -0.016635501
-0.8290     -0.045398224     -0.016641777
-0.8280     -0.045952786     -0.016648081
-0.8270     -0.046507558     -0.016654411
-0.8260     -0.047062541     -0.016660768
-0.8250     -0.047617735     -0.016667153
-0.8240     -0.048173142     -0.016673564
-0.8230     -0.048728763     -0.016680002
-0.8220     -0.049284598     -0.016686468
-0.8210     -0.049840648     -0.016692961
-0.8200     -0.050396915     -0.016699481
-0.8190     -0.050953399     -0.016706029
-0.8180     -0.051510101     -0.016712604
-0.8170     -0.052067021     -0.016719207
-0.8160     -0.052624162     -0.016725837
-0.8150     -0.053181524     -0.016732495
-0.8140     -0.053739107     -0.016739181
-0.8130     -0.054296913     -0.016745895
-0.8120     -0.054854942     -0.016752636
-0.8110     -0.055413196     -0.016759405
-0.8100     -0.055971675     -0.016766203
-0.8090     -0.056530381     -0.016773028
-0.8080     -0.057089313     -0.016779882
-0.8070     -0.057648474     -0.016786764
-0.8060     -0.058207865     -0.016793674
-0.8050     -0.058767485     -0.016800612
-0.8040     -0.059327336     -0.016807579
-0.8030     -0.059887419     -0.016814575
-0.8020     -0.060447736     -0.016821599
-0.8010     -0.061008286     -0.016828651
-0.8000     -0.061569070     -0.016835733
-0.7990     -0.062130091     -0.016842843
-0.7980     -0.062691348     -0.016849982
-0.7970     -0.063252843     -0.016857151
-0.7960     -0.063814577     -0.016864348
-0.7950     -0.064376550     -0.016871574
-0.7940     -0.064938764     -0.016878830
-0.7930     -0.065501219     -0.016886115
-0.7920     -0.066063917     -0.016893429
-0.7910     -0.066626858     -0.016900773
-0.7900     -0.067190044     -0.016908146
-0.7890     -0.067753475     -0.016915549
-0.7880     -0.068317152     -0.016922981
-0.7870     -0.068881077     -0.016930444
-0.7860     -0.069445251     -0.016937936
-0.7850     -0.070009674     -0.016945458
-0.7840     -0.070574347     -0.016953010
-0.7830     -0.071139271     -0.016960593
-0.7820     -0.071704448     -0.016968205
-0.7810     -0.072269879     -0.016975848
-0.7800     -0.072835563     -0.016983521
-0.7790     -0.073401503     -0.016991225
-0.7780     -0.073967700     -0.016998959
-0.7770     -0.074534154     -0.017006724
-0.7760     -0.075100866     -0.017014520
-0.7750     -0.075667838     -0.017022346
-0.7740     -0.076235070     -0.017030204
-0.7730     -0.076802564     -0.017038092
-0.7720     -0.077370320     -0.017046012
-0.7710     -0.077938340     -0.017053963
-0.7700     -0.078506625     -0.017061945
-0.7690     -0.079075175     -0.017069959
-0.7680     -0.079643992     -0.017078004
-0.7670     -0.080213076     -0.017086080
-0.7660     -0.080782429     -0.017094189
-0.7650     -0.081352053     -0.017102329
-0.7640     -0.081921947     -0.017110501
-0.7630     -0.082492113     -0.017118705
-0.7620     -0.083062552     -0.017126941
-0.7610     -0.083633265     -0.017135209
-0.7600     -0.084204253     -0.017143509
-0.7590     -0.084775517     -0.017151842
-0.7580     -0.085347059     -0.017160208
-0.7570     -0.085918879     -0.017168605
-0.7560     -0.086490978     -0.017177036
-0.7550     -0.087063358     -0.017185499
-0.7540     -0.087636020     -0.017193996
-0.7530     -0.088208964     -0.017202525
-0.7520     -0.088782192     -0.017211088
-0.7510     -0.089355705     -0.017219683
-0.7500     -0.089929504     -0.017228312
-0.7490     -0.090503590     -0.017236975
-0.7480     -0.091077965     -0.017245670
-0.7470     -0.091652628     -0.017254400
-0.7460     -0.092227582     -0.017263163
-0.7450     -0.092802828     -0.017271961
-0.7440     -0.093378366     -0.017280792
-0.7430     -0.093954198     -0.017289657
-0.7420     -0.094530326     -0.017298557
-0.7410     -0.095106749     -0.017307490
-0.7400     -0.095683469     -0.017316459
-0.7390     -0.096260488     -0.017325461
-0.7380     -0.096837806     -0.017334499
-0.7370     -0.097415425     -0.017343571
-0.7360     -0.097993346     -0.017352678
-0.7350     -0.098571569     -0.017361820
-0.7340     -0.099150097     -0.017370998
-0.7330     -0.099728930     -0.017380210
-0.7320     -0.100308070     -0.017389458
-0.7310     -0.100887517     -0.017398742
-0.7300     -0.101467273     -0.017408061
-0.7290     -0.102047339     -0.017417415
-0.7280     -0.102627717     -0.017426806
-0.7270     -0.103208406     -0.017436232
-0.7260     -0.103789409     -0.017445695
-0.7250     -0.104370727     -0.017455194
-0.7240     -0.104952361     -0.017464729
-0.7230     -0.105534312     -0.017474301
-0.7220     -0.106116582     -0.017483910
-0.7210     -0.106699171     -0.017493555
-0.7200     -0.107282081     -0.017503237
-0.7190     -0.107865313     -0.017512956
-0.7180     -0.108448868     -0.017522712
-0.7170     -0.109032748     -0.017532505
-0.7160     -0.109616953     -0.017542336
-0.7150     -0.110201486     -0.017552205
-0.7140     -0.110786346     -0.017562111
-0.7130     -0.111371536     -0.017572054
-0.7120     -0.111957057     -0.017582036
-0.7110     -0.112542910     -0.017592056
-0.7100     -0.113129096     -0.017602114
-0.7090     -0.113715617     -0.017612210
-0.7080     -0.114302473     -0.017622345
-0.7070     -0.114889667     -0.017632519
-0.7060     -0.115477199     -0.017642731
-0.7050     -0.116065070     -0.017652982
-0.7040     -0.116653282     -0.017663272
-0.7030     -0.117241837     -0.017673602
-0.7020     -0.117830735     -0.017683971
-0.7010     -0.118419978     -0.017694379
-0.7000     -0.119009567     -0.017704827
-0.6990     -0.119599504     -0.017715314
-0.6980     -0.120189789     -0.017725842
-0.6970     -0.120780425     -0.017736410
-0.6960     -0.121371411     -0.017747017
-0.6950     -0.121962751     -0.017757666
-0.6940     -0.122554445     -0.017768354
-0.6930     -0.123146494     -0.017779084
-0.6920     -0.123738900     -0.017789854
-0.6910     -0.124331664     -0.017800665
-0.6900     -0.124924787     -0.017811518
-0.6890     -0.125518272     -0.017822411
-0.6880     -0.126112118     -0.017833346
-0.6870     -0.126706329     -0.017844323
-0.6860     -0.127300904     -0.017855342
-0.6850     -0.127895846     -0.017866402
-0.6840     -0.128491155     -0.017877505
-0.6830     -0.129086834     -0.017888649
-0.6820     -0.129682883     -0.017899836
-0.6810     -0.130279304     -0.017911066
-0.6800     -0.130876099     -0.017922339
-0.6790     -0.131473268     -0.017933654
-0.6780     -0.132070813     -0.017945012
-0.6770     -0.132668737     -0.017956414
-0.6760     -0.133267039     -0.017967859
-0.6750     -0.133865722     -0.017979348
-0.6740     -0.134464786     -0.017990880
-0.6730     -0.135064235     -0.018002456
-0.6720     -0.135664068     -0.018014077
-0.6710     -0.136264287     -0.018025741
-0.6700     -0.136864894     -0.018037450
-0.6690     -0.137465891     -0.018049204
-0.6680     -0.138067278     -0.018061003
-0.6670     -0.138669058     -0.018072846
-0.6660     -0.139271231     -0.018084735
-0.6650     -0.139873799     -0.018096668
-0.6640     -0.140476765     -0.018108648
-0.6630     -0.141080128     -0.018120673
-0.6620     -0.141683891     -0.018132744
-0.6610     -0.142288056     -0.018144861
-0.6600     -0.142892623     -0.018157024
-0.6590     -0.143497595     -0.018169234
-0.6580     -0.144102972     -0.018181490
-0.6570     -0.144708757     -0.018193793
-0.6560     -0.145314951     -0.018206143
-0.6550     -0.145921556     -0.018218540
-0.6540     -0.146528572     -0.018230985
-0.6530     -0.147136003     -0.018243477
-0.6520     -0.147743848     -0.018256017
-0.6510     -0.148352111     -0.018268605
-0.6500     -0.148960791     -0.018281241
-0.6490     -0.149569892     -0.018293925
-0.6480     -0.150179414     -0.018306658
-0.6470     -0.150789360     -0.018319440
-0.6460     -0.151399731     -0.018332270
-0.6450     -0.152010528     -0.018345150
-0.6440     -0.152621753     -0.018358079
-0.6430     -0.153233407     -0.018371058
-0.6420     -0.153845494     -0.018384086
-0.6410     -0.154458013     -0.018397165
-0.6400     -0.155070967     -0.018410293
-0.6390     -0.155684357     -0.018423472
-0.6380     -0.156298185     -0.018436702
-0.6370     -0.156912453     -0.018449982
-0.6360     -0.157527162     -0.018463314
-0.6350     -0.158142315     -0.018476697
-0.6340     -0.158757912     -0.018490131
-0.6330     -0.159373955     -0.018503616
-0.6320     -0.159990447     -0.018517154
-0.6310     -0.160607389     -0.018530744
-0.6300     -0.161224782     -0.018544386
-0.6290     -0.161842629     -0.018558081
-0.6280     -0.162460931     -0.018571828
-0.6270     -0.163079690     -0.018585629
-0.6260     -0.163698907     -0.018599483
-0.6250     -0.164318585     -0.018613390
-0.6240     -0.164938725     -0.018627351
-0.6230     -0.165559328     -0.018641366
-0.6220     -0.166180398     -0.018655435
-0.6210     -0.166801935     -0.018669558
-0.6200     -0.167423942     -0.018683736
-0.6190     -0.168046419     -0.018697969
-0.6180     -0.168669370     -0.018712257
-0.6170     -0.169292795     -0.018726601
-0.6160     -0.169916697     -0.018741000
-0.6150     -0.170541077     -0.018755454
-0.6140     -0.171165938     -0.018769965
-0.6130     -0.171791280     -0.018784532
-0.6120     -0.172417107     -0.018799156
-0.6110     -0.173043420     -0.018813837
-0.6100     -0.173670220     -0.018828574
-0.6090     -0.174297511     -0.018843369
-0.6080     -0.174925292     -0.018858222
-0.6070     -0.175553568     -0.018873132
-0.6060     -0.176182338     -0.018888101
-0.6050     -0.176811606     -0.018903128
-0.6040     -0.177441373     -0.018918213
-0.6030     -0.178071642     -0.018933357
-0.6020     -0.178702413     -0.018948561
-0.6010     -0.179333690     -0.018963823
-0.6000     -0.179965474     -0.018979146
-0.5990     -0.180597767     -0.018994528
-0.5980     -0.181230570     -0.019009971
-0.5970     -0.181863887     -0.019025474
-0.5960     -0.182497719     -0.019041037
-0.5950     -0.183132068     -0.019056662
-0.5940     -0.183766936     -0.019072348
-0.5930     -0.184402325     -0.019088096
-0.5920     -0.185038237     -0.019103905
-0.5910     -0.185674675     -0.019119777
-0.5900     -0.186311640     -0.019135711
-0.5890     -0.186949134     -0.019151708
-0.5880     -0.187587159     -0.019167767
-0.5870     -0.188225718     -0.019183890
-0.5860     -0.188864812     -0.019200077
-0.5850     -0.189504444     -0.019216327
-0.5840     -0.190144616     -0.019232642
-0.5830     -0.190785330     -0.019249021
-0.5820     -0.191426588     -0.019265464
-0.5810     -0.192068392     -0.019281973
-0.5800     -0.192710744     -0.019298547
-0.5790     -0.193353647     -0.019315187
-0.5780     -0.193997103     -0.019331893
-0.5770     -0.194641113     -0.019348665
-0.5760     -0.195285681     -0.019365503
-0.5750     -0.195930808     -0.019382409
-0.5740     -0.196576496     -0.019399381
-0.5730     -0.197222748     -0.019416421
-0.5720     -0.197869566     -0.019433529
-0.5710     -0.198516952     -0.019450705
-0.5700     -0.199164908     -0.019467950
-0.5690     -0.199813438     -0.019485263
-0.5680     -0.200462542     -0.019502646
-0.5670     -0.201112224     -0.019520098
-0.5660     -0.201762485     -0.019537619
-0.5650     -0.202413328     -0.019555211
-0.5640     -0.203064755     -0.019572873
-0.5630     -0.203716769     -0.019590606
-0.5620     -0.204369371     -0.019608410
-0.5610     -0.205022565     -0.019626286
-0.5600     -0.205676353     -0.019644233
-0.5590     -0.206330736     -0.019662253
-0.5580     -0.206985718     -0.019680344
-0.5570     -0.207641301     -0.019698509
-0.5560     -0.208297486     -0.019716747
-0.5550     -0.208954278     -0.019735059
-0.5540     -0.209611677     -0.019753444
-0.5530     -0.210269687     -0.019771904
-0.5520     -0.210928310     -0.019790438
-0.5510     -0.211587548     -0.019809047
-0.5500     -0.212247404     -0.019827732
-0.5490     -0.212907881     -0.019846492
-0.5480     -0.213568980     -0.019865328
-0.5470     -0.214230705     -0.019884241
-0.5460     -0.214893058     -0.019903231
-0.5450     -0.215556041     -0.019922297
-0.5440     -0.216219657     -0.019941442
-0.5430     -0.216883909     -0.019960664
-0.5420     -0.217548799     -0.019979965
-0.5410     -0.218214330     -0.019999344
-0.5400     -0.218880504     -0.020018803
-0.5390     -0.219547324     -0.020038341
-0.5380     -0.220214793     -0.020057959
-0.5370     -0.220882913     -0.020077657
-0.5360     -0.221551687     -0.020097436
-0.5350     -0.222221118     -0.020117296
-0.5340     -0.222891207     -0.020137238
-0.5330     -0.223561959     -0.020157261
-0.5320     -0.224233376     -0.020177367
-0.5310     -0.224905460     -0.020197555
-0.5300     -0.225578214     -0.020217827
-0.5290     -0.226251641     -0.020238183
-0.5280     -0.226925744     -0.020258622
-0.5270     -0.227600525     -0.020279146
-0.5260     -0.228275987     -0.020299754
-0.5250     -0.228952134     -0.020320448
-0.5240     -0.229628967     -0.020341228
-0.5230     -0.230306490     -0.020362093
-0.5220     -0.230984705     -0.020383046
-0.5210     -0.231663616     -0.020404085
-0.5200     -0.232343225     -0.020425212
-0.5190     -0.233023536     -0.020446427
-0.5180     -0.233704550     -0.020467730
-0.5170     -0.234386272     -0.020489122
-0.5160     -0.235068703     -0.020510603
-0.5150     -0.235751848     -0.020532174
-0.5140     -0.236435708     -0.020553835
-0.5130     -0.237120287     -0.020575587
-0.5120     -0.237805588     -0.020597430
-0.5110     -0.238491614     -0.020619365
-0.5100     -0.239178368     -0.020641392
-0.5090     -0.239865853     -0.020663511
-0.5080     -0.240554071     -0.020685723
-0.5070     -0.241243027     -0.020708029
-0.5060     -0.241932723     -0.020730429
-0.5050     -0.242623162     -0.020752923
-0.5040     -0.243314348     -0.020775513
-0.5030     -0.244006283     -0.020798198
-0.5020     -0.244698971     -0.020820979
-0.5010     -0.245392415     -0.020843856
-0.5000     -0.246086618     -0.020866831
-0.4990     -0.246781583     -0.020889903
-0.4980     -0.247477314     -0.020913073
-0.4970     -0.248173813     -0.020936342
-0.4960     -0.248871084     -0.020959710
-0.4950     -0.249569131     -0.020983177
-0.4940     -0.250267956     -0.021006745
-0.4930     -0.250967563     -0.021030413
-0.4920     -0.251667956     -0.021054182
-0.4910     -0.252369137     -0.021078054
-0.4900     -0.253071110     -0.021102027
-0.4890     -0.253773878     -0.021126104
-0.4880     -0.254477444     -0.021150284
-0.4870     -0.255181813     -0.021174567
-0.4860     -0.255886988     -0.021198956
-0.4850     -0.256592971     -0.021223449
-0.4840     -0.257299767     -0.021248049
-0.4830     -0.258007379     -0.021272754
-0.4820     -0.258715811     -0.021297566
-0.4810     -0.259425065     -0.021322486
-0.4800     -0.260135146     -0.021347513
-0.4790     -0.260846057     -0.021372650
-0.4780     -0.261557802     -0.021397895
-0.4770     -0.262270385     -0.021423250
-0.4760     -0.262983808     -0.021448716
-0.4750     -0.263698075     -0.021474292
-0.4740     -0.264413191     -0.021499980
-0.4730     -0.265129159     -0.021525781
-0.4720     -0.265845983     -0.021551694
-0.4710     -0.266563666     -0.021577720
-0.4700     -0.267282212     -0.021603861
-0.4690     -0.268001625     -0.021630116
-0.4680     -0.268721909     -0.021656487
-0.4670     -0.269443067     -0.021682974
-0.4660     -0.270165103     -0.021709577
-0.4650     -0.270888022     -0.021736297
-0.4640     -0.271611827     -0.021763136
-0.4630     -0.272336521     -0.021790093
-0.4620     -0.273062110     -0.021817169
-0.4610     -0.273788596     -0.021844366
-0.4600     -0.274515984     -0.021871683
-0.4590     -0.275244278     -0.021899121
-0.4580     -0.275973482     -0.021926681
-0.4570     -0.276703599     -0.021954364
-0.4560     -0.277434634     -0.021982170
-0.4550     -0.278166591     -0.022010100
-0.4540     -0.278899474     -0.022038155
-0.4530     -0.279633287     -0.022066336
-0.4520     -0.280368034     -0.022094642
-0.4510     -0.281103720     -0.022123076
-0.4500     -0.281840348     -0.022151637
-0.4490     -0.282577924     -0.022180326
-0.4480     -0.283316450     -0.022209145
-0.4470     -0.284055931     -0.022238093
-0.4460     -0.284796372     -0.022267172
-0.4450     -0.285537777     -0.022296383
-0.4440     -0.286280151     -0.022325725
-0.4430     -0.287023496     -0.022355201
-0.4420     -0.287767819     -0.022384810
-0.4410     -0.288513123     -0.022414553
-0.4400     -0.289259413     -0.022444432
-0.4390     -0.290006694     -0.022474446
-0.4380     -0.290754969     -0.022504597
-0.4370     -0.291504243     -0.022534886
-0.4360     -0.292254521     -0.022565314
-0.4350     -0.293005808     -0.022595880
-0.4340     -0.293758107     -0.022626586
-0.4330     -0.294511425     -0.022657434
-0.4320     -0.295265764     -0.022688423
-0.4310     -0.296021130     -0.022719554
-0.4300     -0.296777528     -0.022750829
-0.4290     -0.297534962     -0.022782248
-0.4280     -0.298293438     -0.022813812
-0.4270     -0.299052959     -0.022845521
-0.4260     -0.299813531     -0.022877378
-0.4250     -0.300575158     -0.022909382
-0.4240     -0.301337846     -0.022941535
-0.4230     -0.302101599     -0.022973837
-0.4220     -0.302866422     -0.023006290
-0.4210     -0.303632321     -0.023038893
-0.4200     -0.304399300     -0.023071649
-0.4190     -0.305167364     -0.023104558
-0.4180     -0.305936518     -0.023137621
-0.4170     -0.306706767     -0.023170838
-0.4160     -0.307478117     -0.023204212
-0.4150     -0.308250572     -0.023237742
-0.4140     -0.309024138     -0.023271430
-0.4130     -0.309798820     -0.023305276
-0.4120     -0.310574623     -0.023339283
-0.4110     -0.311351553     -0.023373449
-0.4100     -0.312129614     -0.023407778
-0.4090     -0.312908812     -0.023442269
-0.4080     -0.313689152     -0.023476923
-0.4070     -0.314470641     -0.023511743
-0.4060     -0.315253282     -0.023546727
-0.4050     -0.316037082     -0.023581879
-0.4040     -0.316822047     -0.023617198
-0.4030     -0.317608181     -0.023652685
-0.4020     -0.318395490     -0.023688343
-0.4010     -0.319183980     -0.023724171
-0.4000     -0.319973656     -0.023760171
-0.3990     -0.320764525     -0.023796344
-0.3980     -0.321556591     -0.023832691
-0.3970     -0.322349861     -0.023869213
-0.3960     -0.323144340     -0.023905911
-0.3950     -0.323940034     -0.023942787
-0.3940     -0.324736949     -0.023979841
-0.3930     -0.325535091     -0.024017074
-0.3920     -0.326334465     -0.024054488
-0.3910     -0.327135079     -0.024092084
-0.3900     -0.327936936     -0.024129862
-0.3890     -0.328740045     -0.024167825
-0.3880     -0.329544410     -0.024205973
-0.3870     -0.330350038     -0.024244308
-0.3860     -0.331156935     -0.024282830
-0.3850     -0.331965108     -0.024321541
-0.3840     -0.332774561     -0.024360442
-0.3830     -0.333585302     -0.024399534
-0.3820     -0.334397338     -0.024438819
-0.3810     -0.335210673     -0.024478297
-0.3800     -0.336025315     -0.024517970
-0.3790     -0.336841270     -0.024557840
-0.3780     -0.337658544     -0.024597907
-0.3770     -0.338477145     -0.024638172
-0.3760     -0.339297078     -0.024678638
-0.3750     -0.340118350     -0.024719305
-0.3740     -0.340940968     -0.024760175
-0.3730     -0.341764938     -0.024801249
-0.3720     -0.342590268     -0.024842528
-0.3710     -0.343416963     -0.024884013
-0.3700     -0.344245031     -0.024925707
-0.3690     -0.345074478     -0.024967610
-0.3680     -0.345905312     -0.025009723
-0.3670     -0.346737539     -0.025052049
-0.3660     -0.347571167     -0.025094588
-0.3650     -0.348406201     -0.025137343
-0.3640     -0.349242651     -0.025180313
-0.3630     -0.350080521     -0.025223501
-0.3620     -0.350919821     -0.025266909
-0.3610     -0.351760556     -0.025310537
-0.3600     -0.352602734     -0.025354388
-0.3590     -0.353446363     -0.025398462
-0.3580     -0.354291449     -0.025442761
-0.3570     -0.355138001     -0.025487286
-0.3560     -0.355986026     -0.025532040
-0.3550     -0.356835530     -0.025577024
-0.3540     -0.357686522     -0.025622239
-0.3530     -0.358539010     -0.025667686
-0.3520     -0.359393000     -0.025713368
-0.3510     -0.360248501     -0.025759286
-0.3500     -0.361105521     -0.025805442
-0.3490     -0.361964066     -0.025851836
-0.3480     -0.362824146     -0.025898472
-0.3470     -0.363685768     -0.025945350
-0.3460     -0.364548939     -0.025992472
-0.3450     -0.365413669     -0.026039840
-0.3440     -0.366279964     -0.026087455
-0.3430     -0.367147834     -0.026135319
-0.3420     -0.368017286     -0.026183435
-0.3410     -0.368888329     -0.026231803
-0.3400     -0.369760970     -0.026280425
-0.3390     -0.370635219     -0.026329303
-0.3380     -0.371511083     -0.026378439
-0.3370     -0.372388572     -0.026427835
-0.3360     -0.373267693     -0.026477493
-0.3350     -0.374148455     -0.026527413
-0.3340     -0.375030867     -0.026577599
-0.3330     -0.375914938     -0.026628052
-0.3320     -0.376800676     -0.026678774
-0.3310     -0.377688090     -0.026729766
-0.3300     -0.378577190     -0.026781031
-0.3290     -0.379467983     -0.026832571
-0.3280     -0.380360479     -0.026884387
-0.3270     -0.381254687     -0.026936482
-0.3260     -0.382150617     -0.026988857
-0.3250     -0.383048277     -0.027041515
-0.3240     -0.383947676     -0.027094457
-0.3230     -0.384848825     -0.027147686
-0.3220     -0.385751732     -0.027201203
-0.3210     -0.386656407     -0.027255011
-0.3200     -0.387562859     -0.027309111
-0.3190     -0.388471099     -0.027363506
-0.3180     -0.389381135     -0.027418198
-0.3170     -0.390292977     -0.027473190
-0.3160     -0.391206636     -0.027528482
-0.3150     -0.392122120     -0.027584078
-0.3140     -0.393039441     -0.027639979
-0.3130     -0.393958608     -0.027696188
-0.3120     -0.394879631     -0.027752708
-0.3110     -0.395802520     -0.027809539
-0.3100     -0.396727286     -0.027866685
-0.3090     -0.397653938     -0.027924149
-0.3080     -0.398582488     -0.027981931
-0.3070     -0.399512946     -0.028040035
-0.3060     -0.400445322     -0.028098463
-0.3050     -0.401379626     -0.028157217
-0.3040     -0.402315871     -0.028216300
-0.3030     -0.403254065     -0.028275714
-0.3020     -0.404194221     -0.028335462
-0.3010     -0.405136349     -0.028395546
-0.3000     -0.406080460     -0.028455968
-0.2990     -0.407026565     -0.028516732
-0.2980     -0.407974675     -0.028577839
-0.2970     -0.408924803     -0.028639293
-0.2960     -0.409876958     -0.028701095
-0.2950     -0.410831152     -0.028763249
-0.2940     -0.411787397     -0.028825758
-0.2930     -0.412745705     -0.028888623
-0.2920     -0.413706087     -0.028951847
-0.2910     -0.414668555     -0.029015434
-0.2900     -0.415633121     -0.029079386
-0.2890     -0.416599796     -0.029143706
-0.2880     -0.417568594     -0.029208396
-0.2870     -0.418539525     -0.029273460
-0.2860     -0.419512602     -0.029338900
-0.2850     -0.420487837     -0.029404719
-0.2840     -0.421465244     -0.029470921
-0.2830     -0.422444834     -0.029537507
-0.2820     -0.423426619     -0.029604482
-0.2810     -0.424410614     -0.029671847
-0.2800     -0.425396829     -0.029739607
-0.2790     -0.426385279     -0.029807764
-0.2780     -0.427375976     -0.029876320
-0.2770     -0.428368934     -0.029945281
-0.2760     -0.429364165     -0.030014647
-0.2750     -0.430361683     -0.030084424
-0.2740     -0.431361501     -0.030154613
-0.2730     -0.432363632     -0.030225219
-0.2720     -0.433368091     -0.030296244
-0.2710     -0.434374891     -0.030367691
-0.2700     -0.435384046     -0.030439565
-0.2690     -0.436395570     -0.030511868
-0.2680     -0.437409476     -0.030584605
-0.2670     -0.438425779     -0.030657777
-0.2660     -0.439444493     -0.030731389
-0.2650     -0.440465633     -0.030805445
-0.2640     -0.441489213     -0.030879947
-0.2630     -0.442515247     -0.030954900
-0.2620     -0.443543751     -0.031030307
-0.2610     -0.444574738     -0.031106172
-0.2600     -0.445608225     -0.031182499
-0.2590     -0.446644226     -0.031259290
-0.2580     -0.447682756     -0.031336551
-0.2570     -0.448723830     -0.031414284
-0.2560     -0.449767465     -0.031492494
-0.2550     -0.450813675     -0.031571185
-0.2540     -0.451862476     -0.031650360
-0.2530     -0.452913884     -0.031730023
-0.2520     -0.453967915     -0.031810179
-0.2510     -0.455024586     -0.031890832
-0.2500     -0.456083911     -0.031971985
-0.2490     -0.457145908     -0.032053643
-0.2480     -0.458210593     -0.032135810
-0.2470     -0.459277982     -0.032218490
-0.2460     -0.460348093     -0.032301687
-0.2450     -0.461420941     -0.032385407
-0.2440     -0.462496545     -0.032469652
-0.2430     -0.463574921     -0.032554429
-0.2420     -0.464656087     -0.032639740
-0.2410     -0.465740060     -0.032725591
-0.2400     -0.466826857     -0.032811986
-0.2390     -0.467916496     -0.032898929
-0.2380     -0.469008996     -0.032986426
-0.2370     -0.470104374     -0.033074482
-0.2360     -0.471202648     -0.033163100
-0.2350     -0.472303836     -0.033252285
-0.2340     -0.473407958     -0.033342043
-0.2330     -0.474515031     -0.033432379
-0.2320     -0.475625075     -0.033523297
-0.2310     -0.476738108     -0.033614802
-0.2300     -0.477854150     -0.033706900
-0.2290     -0.478973220     -0.033799596
-0.2280     -0.480095337     -0.033892894
-0.2270     -0.481220520     -0.033986801
-0.2260     -0.482348791     -0.034081320
-0.2250     -0.483480167     -0.034176459
-0.2240     -0.484614671     -0.034272221
-0.2230     -0.485752321     -0.034368614
-0.2220     -0.486893139     -0.034465641
-0.2210     -0.488037144     -0.034563309
-0.2200     -0.489184359     -0.034661624
-0.2190     -0.490334803     -0.034760591
-0.2180     -0.491488498     -0.034860216
-0.2170     -0.492645466     -0.034960504
-0.2160     -0.493805727     -0.035061463
-0.2150     -0.494969304     -0.035163097
-0.2140     -0.496136218     -0.035265413
-0.2130     -0.497306492     -0.035368417
-0.2120     -0.498480148     -0.035472115
-0.2110     -0.499657208     -0.035576514
-0.2100     -0.500837695     -0.035681619
-0.2090     -0.502021633     -0.035787438
-0.2080     -0.503209043     -0.035893977
-0.2070     -0.504399950     -0.036001242
-0.2060     -0.505594378     -0.036109239
-0.2050     -0.506792348     -0.036217977
-0.2040     -0.507993887     -0.036327461
-0.2030     -0.509199017     -0.036437699
-0.2020     -0.510407764     -0.036548697
-0.2010     -0.511620151     -0.036660462
-0.2000     -0.512836204     -0.036773002
-0.1990     -0.514055948     -0.036886324
-0.1980     -0.515279408     -0.037000435
-0.1970     -0.516506610     -0.037115342
-0.1960     -0.517737578     -0.037231054
-0.1950     -0.518972340     -0.037347577
-0.1940     -0.520210922     -0.037464920
-0.1930     -0.521453349     -0.037583089
-0.1920     -0.522699649     -0.037702094
-0.1910     -0.523949849     -0.037821941
-0.1900     -0.525203975     -0.037942640
-0.1890     -0.526462056     -0.038064197
-0.1880     -0.527724118     -0.038186622
-0.1870     -0.528990191     -0.038309923
-0.1860     -0.530260301     -0.038434108
-0.1850     -0.531534479     -0.038559186
-0.1840     -0.532812752     -0.038685166
-0.1830     -0.534095149     -0.038812056
-0.1820     -0.535381700     -0.038939865
-0.1810     -0.536672434     -0.039068602
-0.1800     -0.537967382     -0.039198277
-0.1790     -0.539266573     -0.039328899
-0.1780     -0.540570037     -0.039460477
-0.1770     -0.541877806     -0.039593021
-0.1760     -0.543189911     -0.039726539
-0.1750     -0.544506382     -0.039861043
-0.1740     -0.545827252     -0.039996542
-0.1730     -0.547152553     -0.040133046
-0.1720     -0.548482315     -0.040270565
-0.1710     -0.549816573     -0.040409109
-0.1700     -0.551155359     -0.040548690
-0.1690     -0.552498706     -0.040689317
-0.1680     -0.553846647     -0.040831001
-0.1670     -0.555199217     -0.040973754
-0.1660     -0.556556449     -0.041117585
-0.1650     -0.557918379     -0.041262507
-0.1640     -0.559285040     -0.041408531
-0.1630     -0.560656467     -0.041555668
-0.1620     -0.562032698     -0.041703930
-0.1610     -0.563413766     -0.041853329
-0.1600     -0.564799708     -0.042003877
-0.1590     -0.566190562     -0.042155586
-0.1580     -0.567586363     -0.042308468
-0.1570     -0.568987149     -0.042462536
-0.1560     -0.570392957     -0.042617803
-0.1550     -0.571803826     -0.042774282
-0.1540     -0.573219794     -0.042931986
-0.1530     -0.574640899     -0.043090928
-0.1520     -0.576067181     -0.043251121
-0.1510     -0.577498678     -0.043412581
-0.1500     -0.578935432     -0.043575319
-0.1490     -0.580377481     -0.043739352
-0.1480     -0.581824867     -0.043904693
-0.1470     -0.583277630     -0.044071356
-0.1460     -0.584735813     -0.044239358
-0.1450     -0.586199455     -0.044408712
-0.1440     -0.587668601     -0.044579434
-0.1430     -0.589143291     -0.044751541
-0.1420     -0.590623570     -0.044925047
-0.1410     -0.592109481     -0.045099969
-0.1400     -0.593601066     -0.045276324
-0.1390     -0.595098371     -0.045454128
-0.1380     -0.596601439     -0.045633399
-0.1370     -0.598110316     -0.045814152
-0.1360     -0.599625046     -0.045996408
-0.1350     -0.601145676     -0.046180182
-0.1340     -0.602672251     -0.046365493
-0.1330     -0.604204818     -0.046552361
-0.1320     -0.605743423     -0.046740803
-0.1310     -0.607288113     -0.046930839
-0.1300     -0.608838936     -0.047122488
-0.1290     -0.610395940     -0.047315771
-0.1280     -0.611959172     -0.047510708
-0.1270     -0.613528681     -0.047707318
-0.1260     -0.615104515     -0.047905624
-0.1250     -0.616686724     -0.048105646
-0.1240     -0.618275356     -0.048307405
-0.1230     -0.619870461     -0.048510924
-0.1220     -0.621472089     -0.048716225
-0.1210     -0.623080288     -0.048923330
-0.1200     -0.624695110     -0.049132262
-0.1190     -0.626316604     -0.049343045
-0.1180     -0.627944819     -0.049555701
-0.1170     -0.629579808     -0.049770254
-0.1160     -0.631221619     -0.049986727
-0.1150     -0.632870302     -0.050205145
-0.1140     -0.634525909     -0.050425531
-0.1130     -0.636188489     -0.050647910
-0.1120     -0.637858092     -0.050872305
-0.1110     -0.639534768     -0.051098739
-0.1100     -0.641218567     -0.051327237
-0.1090     -0.642909539     -0.051557821
-0.1080     -0.644607733     -0.051790514
-0.1070     -0.646313197     -0.052025338
-0.1060     -0.648025983     -0.052262314
-0.1050     -0.649746138     -0.052501463
-0.1040     -0.651473713     -0.052742803
-0.1030     -0.653208756     -0.052986352
-0.1020     -0.654951317     -0.053232127
-0.1010     -0.656701447     -0.053480142
-0.1000     -0.658459196     -0.053730411
-0.0990     -0.660224616     -0.053982944
-0.0980     -0.661997759     -0.054237749
-0.0970     -0.663778681     -0.054494833
-0.0960     -0.665567439     -0.054754199
-0.0950     -0.667364091     -0.055015850
-0.0940     -0.669168700     -0.055279783
-0.0930     -0.670981332     -0.055545997
-0.0920     -0.672802056     -0.055814485
-0.0910     -0.674630947     -0.056085242
-0.0900     -0.676468085     -0.056358258
-0.0890     -0.678313556     -0.056633526
-0.0880     -0.680167450     -0.056911036
-0.0870     -0.682029866     -0.057190783
-0.0860     -0.683900907     -0.057472758
-0.0850     -0.685780684     -0.057756961
-0.0840     -0.687669313     -0.058043390
-0.0830     -0.689566917     -0.058332051
-0.0820     -0.691473624     -0.058622955
-0.0810     -0.693389564     -0.058916119
-0.0800     -0.695314874     -0.059211564
-0.0790     -0.697249690     -0.059509323
-0.0780     -0.699194152     -0.059809432
-0.0770     -0.701148400     -0.060111937
-0.0760     -0.703112571     -0.060416889
-0.0750     -0.705086802     -0.060724346
-0.0740     -0.707071228     -0.061034373
-0.0730     -0.709065980     -0.061347038
-0.0720     -0.711071183     -0.061662416
-0.0710     -0.713086962     -0.061980583
-0.0700     -0.715113436     -0.062301618
-0.0690     -0.717150718     -0.062625601
-0.0680     -0.719198919     -0.062952615
-0.0670     -0.721258146     -0.063282739
-0.0660     -0.723328504     -0.063616056
-0.0650     -0.725410092     -0.063952644
-0.0640     -0.727503011     -0.064292581
-0.0630     -0.729607357     -0.064635944
-0.0620     -0.731723227     -0.064982806
-0.0610     -0.733850716     -0.065333240
-0.0600     -0.735989921     -0.065687317
-0.0590     -0.738140937     -0.066045103
-0.0580     -0.740303861     -0.066406666
-0.0570     -0.742478791     -0.066772070
-0.0560     -0.744665828     -0.067141379
-0.0550     -0.746865072     -0.067514653
-0.0540     -0.749076628     -0.067891956
-0.0530     -0.751300600     -0.068273345
-0.0520     -0.753537097     -0.068658881
-0.0510     -0.755786229     -0.069048623
-0.0500     -0.758048108     -0.069442630
-0.0490     -0.760322850     -0.069840960
-0.0480     -0.762610573     -0.070243672
-0.0470     -0.764911396     -0.070650826
-0.0460     -0.767225444     -0.071062481
-0.0450     -0.769552842     -0.071478697
-0.0440     -0.771893717     -0.071899536
-0.0430     -0.774248202     -0.072325058
-0.0420     -0.776616429     -0.072755328
-0.0410     -0.778998535     -0.073190407
-0.0400     -0.781394657     -0.073630362
-0.0390     -0.783804938     -0.074075258
-0.0380     -0.786229522     -0.074525161
-0.0370     -0.788668554     -0.074980141
-0.0360     -0.791122184     -0.075440267
-0.0350     -0.793590564     -0.075905610
-0.0340     -0.796073847     -0.076376242
-0.0330     -0.798572190     -0.076852237
-0.0320     -0.801085753     -0.077333671
-0.0310     -0.803614698     -0.077820621
-0.0300     -0.806159188     -0.078313165
-0.0290     -0.808719392     -0.078811383
-0.0280     -0.811295479     -0.079315358
-0.0270     -0.813887622     -0.079825174
-0.0260     -0.816495996     -0.080340914
-0.0250     -0.819120779     -0.080862667
-0.0240     -0.821762151     -0.081390521
-0.0230     -0.824420297     -0.081924568
-0.0220     -0.827095402     -0.082464899
-0.0210     -0.829787656     -0.083011610
-0.0200     -0.832497251     -0.083564798
-0.0190     -0.835224382     -0.084124560
-0.0180     -0.837969247     -0.084690997
-0.0170     -0.840732047     -0.085264213
-0.0160     -0.843512987     -0.085844312
-0.0150     -0.846312274     -0.086431401
-0.0140     -0.849130118     -0.087025590
-0.0130     -0.851966733     -0.087626990
-0.0120     -0.854822335     -0.088235715
-0.0110     -0.857697147     -0.088851881
-0.0100     -0.860591390     -0.089475608
-0.0090     -0.863505293     -0.090107017
-0.0080     -0.866439085     -0.090746231
-0.0070     -0.869393002     -0.091393376
-0.0060     -0.872367282     -0.092048583
-0.0050     -0.875362165     -0.092711982
-0.0040     -0.878377898     -0.093383708
-0.0030     -0.881414730     -0.094063900
-0.0020     -0.884472914     -0.094752696
-0.0010     -0.887552706     -0.095450241
 0.0000     -0.890654370     -0.096156680
 0.0010     -0.893778169     -0.096872164
 0.0020     -0.896924373     -0.097596846
 0.0030     -0.900093257     -0.098330880
 0.0040     -0.903285099     -0.099074427
 0.0050     -0.906500182     -0.099827650
 0.0060     -0.909738792     -0.100590715
 0.0070     -0.913001223     -0.101363791
 0.0080     -0.916287770     -0.102147054
 0.0090     -0.919598736     -0.102940680
 0.0100     -0.922934426     -0.103744850
 0.0110     -0.926295153     -0.104559751
 0.0120     -0.929681234     -0.105385572
 0.0130     -0.933092989     -0.106222506
 0.0140     -0.936530747     -0.107070753
 0.0150     -0.939994840     -0.107930513
 0.0160     -0.943485607     -0.108801996
 0.0170     -0.947003391     -0.109685412
 0.0180     -0.950548542     -0.110580978
 0.0190     -0.954121417     -0.111488916
 0.0200     -0.957722376     -0.112409453
 0.0210     -0.961351788     -0.113342820
 0.0220     -0.965010027     -0.114289254
 0.0230     -0.968697473     -0.115249000
 0.0240     -0.972414514     -0.116222305
 0.0250     -0.976161544     -0.117209423
 0.0260     -0.979938962     -0.118210615
 0.0270     -0.983747178     -0.119226148
 0.0280     -0.987586604     -0.120256294
 0.0290     -0.991457665     -0.121301332
 0.0300     -0.995360787     -0.122361550
 0.0310     -0.999296410     -0.123437239
 0.0320     -1.003264976     -0.124528701
 0.0330     -1.007266939     -0.125636241
 0.0340     -1.011302758     -0.126760176
 0.0350     -1.015372903     -0.127900827
 0.0360     -1.019477851     -0.129058525
 0.0370     -1.023618087     -0.130233609
 0.0380     -1.027794105     -0.131426426
 0.0390     -1.032006408     -0.132637332
 0.0400     -1.036255510     -0.133866690
 0.0410     -1.040541930     -0.135114875
 0.0420     -1.044866202     -0.136382269
 0.0430     -1.049228865     -0.137669266
 0.0440     -1.053630471     -0.138976269
 0.0450     -1.058071580     -0.140303690
 0.0460     -1.062552765     -0.141651954
 0.0470     -1.067074606     -0.143021494
 0.0480     -1.071637697     -0.144412757
 0.0490     -1.076242643     -0.145826201
 0.0500     -1.080890058     -0.147262295
 0.0510     -1.085580570     -0.148721521
 0.0520     -1.090314817     -0.150204374
 0.0530     -1.095093451     -0.151711362
 0.0540     -1.099917135     -0.153243007
 0.0550     -1.104786545     -0.154799843
 0.0560     -1.109702371     -0.156382420
 0.0570     -1.114665314     -0.157991305
 0.0580     -1.119676092     -0.159627077
 0.0590     -1.124735432     -0.161290332
 0.0600     -1.129844081     -0.162981683
 0.0610     -1.135002796     -0.164701760
 0.0620     -1.140212350     -0.166451210
 0.0630     -1.145473533     -0.168230699
 0.0640     -1.150787148     -0.170040910
 0.0650     -1.156154015     -0.171882548
 0.0660     -1.161574971     -0.173756335
 0.0670     -1.167050869     -0.175663015
 0.0680     -1.172582578     -0.177603356
 0.0690     -1.178170985     -0.179578143
 0.0700     -1.183816996     -0.181588189
 0.0710     -1.189521534     -0.183634326
 0.0720     -1.195285541     -0.185717415
 0.0730     -1.201109977     -0.187838339
 0.0740     -1.206995822     -0.189998009
 0.0750     -1.212944078     -0.192197362
 0.0760     -1.218955764     -0.194437364
 0.0770     -1.225031922     -0.196719011
 0.0780     -1.231173615     -0.199043328
 0.0790     -1.237381927     -0.201411370
 0.0800     -1.243657965     -0.203824227
 0.0810     -1.250002859     -0.206283022
 0.0820     -1.256417762     -0.208788912
 0.0830     -1.262903849     -0.211343090
 0.0840     -1.269462324     -0.213946788
 0.0850     -1.276094411     -0.216601275
 0.0860     -1.282801362     -0.219307862
 0.0870     -1.289584455     -0.222067900
 0.0880     -1.296444994     -0.224882785
 0.0890     -1.303384311     -0.227753958
 0.0900     -1.310403765     -0.230682906
 0.0910     -1.317504743     -0.233671165
 0.0920     -1.324688663     -0.236720322
 0.0930     -1.331956971     -0.239832015
 0.0940     -1.339311143     -0.243007938
 0.0950     -1.346752688     -0.246249841
 0.0960     -1.354283144     -0.249559534
 0.0970     -1.361904084     -0.252938885
 0.0980     -1.369617111     -0.256389831
 0.0990     -1.377423864     -0.259914370
 0.1000     -1.385326015     -0.263514572
 0.1010     -1.393325271     -0.267192577
 0.1020     -1.401423375     -0.270950603
 0.1030     -1.409622106     -0.274790942
 0.1040     -1.417923280     -0.278715968
 0.1050     -1.426328750     -0.282728141
 0.1060     -1.434840408     -0.286830008
 0.1070     -1.443460184     -0.291024205
 0.1080     -1.452190050     -0.295313469
 0.1090     -1.461032014     -0.299700631
 0.1100     -1.469988128     -0.304188630
 0.1110     -1.479060485     -0.308780511
 0.1120     -1.488251217     -0.313479431
 0.1130     -1.497562503     -0.318288669
 0.1140     -1.506996561     -0.323211623
 0.1150     -1.516555653     -0.328251821
 0.1160     -1.526242087     -0.333412926
 0.1170     -1.536058213     -0.338698740
 0.1180     -1.546006426     -0.344113212
 0.1190     -1.556089164     -0.349660444
 0.1200     -1.566308913     -0.355344698
 0.1210     -1.576668200     -0.361170403
 0.1220     -1.587169600     -0.367142164
 0.1230     -1.597815730     -0.373264766
 0.1240     -1.608609253     -0.379543190
 0.1250     -1.619552874     -0.385982615
 0.1260     -1.630649342     -0.392588428
 0.1270     -1.641901450     -0.399366238
 0.1280     -1.653312029     -0.406321885
 0.1290     -1.664883954     -0.413461447
 0.1300     -1.676620136     -0.420791257
 0.1310     -1.688523524     -0.428317910
 0.1320     -1.700597103     -0.436048282
 0.1330     -1.712843889     -0.443989535
 0.1340     -1.725266930     -0.452149141
 0.1350     -1.737869300     -0.460534889
 0.1360     -1.750654097     -0.469154904
 0.1370     -1.763624437     -0.478017663
 0.1380     -1.776783453     -0.487132013
 0.1390     -1.790134286     -0.496507191
 0.1400     -1.803680081     -0.506152837
 0.1410     -1.817423981     -0.516079024
 0.1420     -1.831369117     -0.526296271
 0.1430     -1.845518604     -0.536815570
 0.1440     -1.859875526     -0.547648410
 0.1450     -1.874442930     -0.558806801
 0.1460     -1.889223815     -0.570303300
 0.1470     -1.904221113     -0.582151041
 0.1480     -1.919437682     -0.594363764
 0.1490     -1.934876283     -0.606955843
 0.1500     -1.950539569     -0.619942324
 0.1510     -1.966430059     -0.633338955
 0.1520     -1.982550121     -0.647162225
 0.1530     -1.998901942     -0.661429399
 0.1540     -2.015487505     -0.676158560
 0.1550     -2.032308561     -0.691368653
 0.1560     -2.049366587     -0.707079525
 0.1570     -2.066662758     -0.723311972
 0.1580     -2.084197904     -0.740087789
 0.1590     -2.101972459     -0.757429822
 0.1600     -2.119986421     -0.775362014
 0.1610     -2.138239287     -0.793909470
 0.1620     -2.156730000     -0.813098504
 0.1630     -2.175456876     -0.832956707
 0.1640     -2.194417534     -0.853513005
 0.1650     -2.213608808     -0.874797723
 0.1660     -2.233026664     -0.896842650
 0.1670     -2.252666094     -0.919681110
 0.1680     -2.272521009     -0.943348027
 0.1690     -2.292584115     -0.967880001
 0.1700     -2.312846782     -0.993315373
 0.1710     -2.333298894     -1.019694302
 0.1720     -2.353928689     -1.047058831
 0.1730     -2.374722577     -1.075452964
 0.1740     -2.395664948     -1.104922729
 0.1750     -2.416737952     -1.135516246
 0.1760     -2.437921264     -1.167283787
 0.1770     -2.459191825     -1.200277832
 0.1780     -2.480523556     -1.234553112
 0.1790     -2.501887043     -1.270166653
 0.1800     -2.523249202     -1.307177794
 0.1810     -2.544572901     -1.345648195
 0.1820     -2.565816557     -1.385641829
 0.1830     -2.586933690     -1.427224945
 0.1840     -2.607872449     -1.470465999
 0.1850     -2.628575086     -1.515435564
 0.1860     -2.648977396     -1.562206180
 0.1870     -2.669008112     -1.610852170
 0.1880     -2.688588252     -1.661449392
 0.1890     -2.707630430     -1.714074926
 0.1900     -2.726038109     -1.768806680
 0.1910     -2.743704826     -1.825722906
 0.1920     -2.760513365     -1.884901611
 0.1930     -2.776334904     -1.946419851
 0.1940     -2.791028132     -2.010352880
 0.1950     -2.804438346     -2.076773148
 0.1960     -2.816396548     -2.145749127
 0.1970     -2.826718551     -2.217343929
 0.1980     -2.835204127     -2.291613721
 0.1990     -2.841636214     -2.368605888
 0.2000     -2.845780225     -2.448356946
 0.2010     -2.847383490     -2.530890169
 0.2020     -2.846174902     -2.616212927
 0.2030     -2.841864797     -2.704313717
 0.2040     -2.834145162     -2.795158884
 0.2050     -2.822690235     -2.888689052
 0.2060     -2.807157585     -2.984815258
 0.2070     -2.787189773     -3.083414856
 0.2080     -2.762416686     -3.184327227
 0.2090     -2.732458660     -3.287349389
 0.2100     -2.696930476     -3.392231610
 0.2110     -2.655446343     -3.498673179
 0.2120     -2.607625930     -3.606318498
 0.2130     -2.553101506     -3.714753729
 0.2140     -2.491526205     -3.823504226
 0.2150     -2.422583365     -3.932033056
 0.2160     -2.345996860     -4.039740887
 0.2170     -2.261542237     -4.145967578
 0.2180     -2.169058392     -4.249995752
 0.2190     -2.068459430     -4.351056640
 0.2200     -1.959746262     -4.448338393
 0.2210     -1.843017391     -4.540996973
 0.2220     -1.718478286     -4.628169634
 0.2230     -1.586448705     -4.708990809
 0.2240     -1.447367318     -4.782610092
 0.2250     -1.301793045     -4.848211792
 0.2260     -1.150402632     -4.905035372
 0.2270     -0.993984141     -4.952395942
 0.2280     -0.833426259     -4.989703854
 0.2290     -0.669703568     -5.016482423
 0.2300     -0.503858171     -5.032382812
 0.2310     -0.336978370     -5.037195235
 0.2320     -0.170175235     -5.030855828
 0.2330     -0.004558147     -5.013448749
 0.2340      0.158789593     -4.985203407
 0.2350      0.318833954     -4.946486972
 0.2360      0.474611153     -4.897792610
 0.2370      0.625245547     -4.839724167
 0.2380      0.769963837     -4.772978124
 0.2390      0.908105181     -4.698323821
 0.2400      1.039127136     -4.616582923
 0.2410      1.162607537     -4.528609050
 0.2420      1.278242678     -4.435268403
 0.2430      1.385842280     -4.337422050
 0.2440      1.485321851     -4.235910344
 0.2450      1.576693076     -4.131539799
 0.2460      1.660052888     -4.025072556
 0.2470      1.735571802     -3.917218416
 0.2480      1.803482059     -3.808629325
 0.2490      1.864066000     -3.699896091
 0.2500      1.917645031     -3.591547044
 0.2510      1.964569418     -3.484048354
 0.2520      2.005209089     -3.377805681
 0.2530      2.039945521     -3.273166865
 0.2540      2.069164763     -3.170425367
 0.2550      2.093251540     -3.069824238
 0.2560      2.112584421     -2.971560373
 0.2570      2.127531942     -2.875788914
 0.2580      2.138449602     -2.782627624
 0.2590      2.145677623     -2.692161162
 0.2600      2.149539382     -2.604445146
 0.2610      2.150340395     -2.519509980
 0.2620      2.148367777     -2.437364383
 0.2630      2.143890091     -2.357998633
 0.2640      2.137157491     -2.281387482
 0.2650      2.128402121     -2.207492788
 0.2660      2.117838686     -2.136265839
 0.2670      2.105665158     -2.067649412
 0.2680      2.092063585     -2.001579567
 0.2690      2.077200947     -1.937987210
 0.2700      2.061230051     -1.876799438
 0.2710      2.044290441     -1.817940695
 0.2720      2.026509289     -1.761333748
 0.2730      2.008002283     -1.706900515
 0.2740      1.988874475     -1.654562760
 0.2750      1.969221097     -1.604242663
 0.2760      1.949128339     -1.555863290
 0.2770      1.928674080     -1.509348977
 0.2780      1.907928580     -1.464625633
 0.2790      1.886955121     -1.421620977
 0.2800      1.865810608     -1.380264722
 0.2810      1.844546124     -1.340488709
 0.2820      1.823207448     -1.302226999
 0.2830      1.801835526     -1.265415937
 0.2840      1.780466910     -1.229994178
 0.2850      1.759134158     -1.195902705
 0.2860      1.737866206     -1.163084809
 0.2870      1.716688700     -1.131486070
 0.2880      1.695624308     -1.101054314
 0.2890      1.674692999     -1.071739569
 0.2900      1.653912300     -1.043494007
 0.2910      1.633297533     -1.016271881
 0.2920      1.612862025     -0.990029462
 0.2930      1.592617301     -0.964724968
 0.2940      1.572573264     -0.940318497
 0.2950      1.552738353     -0.916771948
 0.2960      1.533119686     -0.894048959
 0.2970      1.513723198     -0.872114829
 0.2980      1.494553757     -0.850936449
 0.2990      1.475615272     -0.830482235
 0.3000      1.456910795     -0.810722058
 0.3010      1.438442607     -0.791627179
 0.3020      1.420212301     -0.773170188
 0.3030      1.402220856     -0.755324938
 0.3040      1.384468701     -0.738066490
 0.3050      1.366955775     -0.721371052
 0.3060      1.349681586     -0.705215928
 0.3070      1.332645256     -0.689579463
 0.3080      1.315845565     -0.674440992
 0.3090      1.299280995     -0.659780797
 0.3100      1.282949764     -0.645580053
 0.3110      1.266849857     -0.631820793
 0.3120      1.250979061     -0.618485859
 0.3130      1.235334987     -0.605558868
 0.3140      1.219915094     -0.593024170
 0.3150      1.204716716     -0.580866813
 0.3160      1.189737075     -0.569072513
 0.3170      1.174973304     -0.557627614
 0.3180      1.160422459     -0.546519063
 0.3190      1.146081534     -0.535734381
 0.3200      1.131947478     -0.525261630
 0.3210      1.118017201     -0.515089392
 0.3220      1.104287585     -0.505206740
 0.3230      1.090755497     -0.495603218
 0.3240      1.077417793     -0.486268814
 0.3250      1.064271330     -0.477193945
 0.3260      1.051312965     -0.468369428
 0.3270      1.038539569     -0.459786469
 0.3280      1.025948027     -0.451436639
 0.3290      1.013535245     -0.443311861
 0.3300      1.001298151     -0.435404390
 0.3310      0.989233704     -0.427706799
 0.3320      0.977338889     -0.420211964
 0.3330      0.965610728     -0.412913049
 0.3340      0.954046276     -0.405803497
 0.3350      0.942642627     -0.398877009
 0.3360      0.931396912     -0.392127541
 0.3370      0.920306305     -0.385549286
 0.3380      0.909368020     -0.379136666
 0.3390      0.898579313     -0.372884323
 0.3400      0.887937485     -0.366787105
 0.3410      0.877439879     -0.360840060
 0.3420      0.867083884     -0.355038426
 0.3430      0.856866932     -0.349377625
 0.3440      0.846786501     -0.343853250
 0.3450      0.836840112     -0.338461062
 0.3460      0.827025333     -0.333196980
 0.3470      0.817339774     -0.328057075
 0.3480      0.807781092     -0.323037566
 0.3490      0.798346986     -0.318134808
 0.3500      0.789035198     -0.313345292
 0.3510      0.779843517     -0.308665634
 0.3520      0.770769770     -0.304092576
 0.3530      0.761811830     -0.299622974
 0.3540      0.752967611     -0.295253799
 0.3550      0.744235066     -0.290982126
 0.3560      0.735612191     -0.286805138
 0.3570      0.727097022     -0.282720112
 0.3580      0.718687633     -0.278724424
 0.3590      0.710382138     -0.274815540
 0.3600      0.702178688     -0.270991011
 0.3610      0.694075473     -0.267248475
 0.3620      0.686070719     -0.263585650
 0.3630      0.678162688     -0.260000330
 0.3640      0.670349678     -0.256490383
 0.3650      0.662630020     -0.253053751
 0.3660      0.655002083     -0.249688443
 0.3670      0.647464265     -0.246392533
 0.3680      0.640015000     -0.243164159
 0.3690      0.632652753     -0.240001521
 0.3700      0.625376021     -0.236902876
 0.3710      0.618183330     -0.233866539
 0.3720      0.611073238     -0.230890877
 0.3730      0.604044334     -0.227974312
 0.3740      0.597095233     -0.225115314
 0.3750      0.590224579     -0.222312403
 0.3760      0.583431045     -0.219564143
 0.3770      0.576713330     -0.216869146
 0.3780      0.570070160     -0.214226066
 0.3790      0.563500288     -0.211633597
 0.3800      0.557002490     -0.209090475
 0.3810      0.550575569     -0.206595475
 0.3820      0.544218351     -0.204147407
 0.3830      0.537929688     -0.201745120
 0.3840      0.531708451     -0.199387495
 0.3850      0.525553538     -0.197073448
 0.3860      0.519463867     -0.194801927
 0.3870      0.513438378     -0.192571910
 0.3880      0.507476033     -0.190382407
 0.3890      0.501575813     -0.188232456
 0.3900      0.495736723     -0.186121123
 0.3910      0.489957783     -0.184047500
 0.3920      0.484238036     -0.182010708
 0.3930      0.478576542     -0.180009890
 0.3940      0.472972382     -0.178044216
 0.3950      0.467424651     -0.176112878
 0.3960      0.461932466     -0.174215092
 0.3970      0.456494959     -0.172350094
 0.3980      0.451111279     -0.170517143
 0.3990      0.445780593     -0.168715519
 0.4000      0.440502082     -0.166944520
 0.4010      0.435274945     -0.165203465
 0.4020      0.430098396     -0.163491691
 0.4030      0.424971662     -0.161808554
 0.4040      0.419893987     -0.160153425
 0.4050      0.414864629     -0.158525694
 0.4060      0.409882861     -0.156924768
 0.4070      0.404947967     -0.155350067
 0.4080      0.400059249     -0.153801029
 0.4090      0.395216017     -0.152277106
 0.4100      0.390417598     -0.150777764
 0.4110      0.385663330     -0.149302484
 0.4120      0.380952563     -0.147850759
 0.4130      0.376284661     -0.146422096
 0.4140      0.371658998     -0.145016015
 0.4150      0.367074959     -0.143632048
 0.4160      0.362531943     -0.142269739
 0.4170      0.358029358     -0.140928644
 0.4180      0.353566623     -0.139608329
 0.4190      0.349143169     -0.138308372
 0.4200      0.344758435     -0.137028361
 0.4210      0.340411872     -0.135767895
 0.4220      0.336102940     -0.134526582
 0.4230      0.331831111     -0.133304041
 0.4240      0.327595863     -0.132099899
 0.4250      0.323396685     -0.130913792
 0.4260      0.319233076     -0.129745367
 0.4270      0.315104542     -0.128594277
 0.4280      0.311010600     -0.127460185
 0.4290      0.306950773     -0.126342761
 0.4300      0.302924595     -0.125241685
 0.4310      0.298931606     -0.124156641
 0.4320      0.294971355     -0.123087324
 0.4330      0.291043398     -0.122033434
 0.4340      0.287147301     -0.120994680
 0.4350      0.283282636     -0.119970776
 0.4360      0.279448980     -0.118961443
 0.4370      0.275645922     -0.117966409
 0.4380      0.271873055     -0.116985408
 0.4390      0.268129979     -0.116018180
 0.4400      0.264416301     -0.115064472
 0.4410      0.260731636     -0.114124034
 0.4420      0.257075605     -0.113196626
 0.4430      0.253447833     -0.112282009
 0.4440      0.249847954     -0.111379953
 0.4450      0.246275608     -0.110490230
 0.4460      0.242730440     -0.109612619
 0.4470      0.239212100     -0.108746904
 0.4480      0.235720246     -0.107892873
 0.4490      0.232254540     -0.107050319
 0.4500      0.228814651     -0.106219039
 0.4510      0.225400252     -0.105398835
 0.4520      0.222011021     -0.104589513
 0.4530      0.218646644     -0.103790885
 0.4540      0.215306808     -0.103002764
 0.4550      0.211991208     -0.102224968
 0.4560      0.208699544     -0.101457321
 0.4570      0.205431518     -0.100699647
 0.4580      0.202186841     -0.099951778
 0.4590      0.198965225     -0.099213546
 0.4600      0.195766387     -0.098484789
 0.4610      0.192590051     -0.097765346
 0.4620      0.189435943     -0.097055062
 0.4630      0.186303793     -0.096353783
 0.4640      0.183193338     -0.095661359
 0.4650      0.180104315     -0.094977644
 0.4660      0.177036469     -0.094302493
 0.4670      0.173989547     -0.093635767
 0.4680      0.170963300     -0.092977326
 0.4690      0.167957483     -0.092327036
 0.4700      0.164971855     -0.091684763
 0.4710      0.162006178     -0.091050380
 0.4720      0.159060218     -0.090423757
 0.4730      0.156133745     -0.089804771
 0.4740      0.153226532     -0.089193299
 0.4750      0.150338356     -0.088589222
 0.4760      0.147468996     -0.087992423
 0.4770      0.144618236     -0.087402785
 0.4780      0.141785862     -0.086820196
 0.4790      0.138971663     -0.086244547
 0.4800      0.136175433     -0.085675727
 0.4810      0.133396967     -0.085113631
 0.4820      0.130636063     -0.084558155
 0.4830      0.127892524     -0.084009196
 0.4840      0.125166154     -0.083466655
 0.4850      0.122456761     -0.082930431
 0.4860      0.119764154     -0.082400430
 0.4870      0.117088147     -0.081876555
 0.4880      0.114428556     -0.081358715
 0.4890      0.111785198     -0.080846819
 0.4900      0.109157896     -0.080340775
 0.4910      0.106546471     -0.079840498
 0.4920      0.103950751     -0.079345900
 0.4930      0.101370564     -0.078856898
 0.4940      0.098805741     -0.078373407
 0.4950      0.096256115     -0.077895347
 0.4960      0.093721521     -0.077422638
 0.4970      0.091201798     -0.076955201
 0.4980      0.088696786     -0.076492958
 0.4990      0.086206328     -0.076035835
 0.5000      0.083730267     -0.075583757
 0.5010      0.081268451     -0.075136652
 0.5020      0.078820729     -0.074694446
 0.5030      0.076386951     -0.074257070
 0.5040      0.073966971     -0.073824455
 0.5050      0.071560644     -0.073396533
 0.5060      0.069167826     -0.072973238
 0.5070      0.066788377     -0.072554503
 0.5080      0.064422157     -0.072140264
 0.5090      0.062069030     -0.071730458
 0.5100      0.059728859     -0.071325023
 0.5110      0.057401511     -0.070923898
 0.5120      0.055086855     -0.070527023
 0.5130      0.052784760     -0.070134339
 0.5140      0.050495098     -0.069745788
 0.5150      0.048217741     -0.069361313
 0.5160      0.045952567     -0.068980858
 0.5170      0.043699450     -0.068604368
 0.5180      0.041458269     -0.068231789
 0.5190      0.039228905     -0.067863067
 0.5200      0.037011238     -0.067498151
 0.5210      0.034805151     -0.067136990
 0.5220      0.032610530     -0.066779532
 0.5230      0.030427259     -0.066425728
 0.5240      0.028255227     -0.066075529
 0.5250      0.026094323     -0.065728887
 0.5260      0.023944436     -0.065385755
 0.5270      0.021805459     -0.065046086
 0.5280      0.019677285     -0.064709835
 0.5290      0.017559807     -0.064376956
 0.5300      0.015452923     -0.064047406
 0.5310      0.013356528     -0.063721141
 0.5320      0.011270522     -0.063398119
 0.5330      0.009194804     -0.063078296
 0.5340      0.007129275     -0.062761632
 0.5350      0.005073838     -0.062448086
 0.5360      0.003028395     -0.062137619
 0.5370      0.000992851     -0.061830189
 0.5380     -0.001032888     -0.061525759
 0.5390     -0.003048915     -0.061224291
 0.5400     -0.005055322     -0.060925746
 0.5410     -0.007052199     -0.060630088
 0.5420     -0.009039638     -0.060337281
 0.5430     -0.011017725     -0.060047288
 0.5440     -0.012986549     -0.059760075
 0.5450     -0.014946196     -0.059475606
 0.5460     -0.016896751     -0.059193847
 0.5470     -0.018838300     -0.058914765
 0.5480     -0.020770924     -0.058638327
 0.5490     -0.022694707     -0.058364499
 0.5500     -0.024609731     -0.058093250
 0.5510     -0.026516074     -0.057824549
 0.5520     -0.028413818     -0.057558363
 0.5530     -0.030303040     -0.057294663
 0.5540     -0.032183819     -0.057033418
 0.5550     -0.034056230     -0.056774598
 0.5560     -0.035920349     -0.056518174
 0.5570     -0.037776252     -0.056264117
 0.5580     -0.039624013     -0.056012399
 0.5590     -0.041463704     -0.055762992
 0.5600     -0.043295399     -0.055515868
 0.5610     -0.045119167     -0.055270999
 0.5620     -0.046935081     -0.055028360
 0.5630     -0.048743210     -0.054787924
 0.5640     -0.050543623     -0.054549665
 0.5650     -0.052336388     -0.054313556
 0.5660     -0.054121573     -0.054079574
 0.5670     -0.055899245     -0.053847693
 0.5680     -0.057669469     -0.053617888
 0.5690     -0.059432310     -0.053390136
 0.5700     -0.061187834     -0.053164412
 0.5710     -0.062936103     -0.052940694
 0.5720     -0.064677182     -0.052718958
 0.5730     -0.066411131     -0.052499181
 0.5740     -0.068138014     -0.052281341
 0.5750     -0.069857890     -0.052065416
 0.5760     -0.071570820     -0.051851383
 0.5770     -0.073276864     -0.051639222
 0.5780     -0.074976081     -0.051428911
 0.5790     -0.076668528     -0.051220430
 0.5800     -0.078354264     -0.051013757
 0.5810     -0.080033345     -0.050808873
 0.5820     -0.081705828     -0.050605756
 0.5830     -0.083371769     -0.050404389
 0.5840     -0.085031223     -0.050204750
 0.5850     -0.086684244     -0.050006822
 0.5860     -0.088330887     -0.049810584
 0.5870     -0.089971204     -0.049616019
 0.5880     -0.091605249     -0.049423107
 0.5890     -0.093233074     -0.049231832
 0.5900     -0.094854731     -0.049042174
 0.5910     -0.096470271     -0.048854116
 0.5920     -0.098079743     -0.048667640
 0.5930     -0.099683200     -0.048482731
 0.5940     -0.101280689     -0.048299369
 0.5950     -0.102872260     -0.048117540
 0.5960     -0.104457962     -0.047937225
 0.5970     -0.106037842     -0.047758410
 0.5980     -0.107611949     -0.047581078
 0.5990     -0.109180328     -0.047405213
 0.6000     -0.110743027     -0.047230799
 0.6010     -0.112300091     -0.047057821
 0.6020     -0.113851566     -0.046886264
 0.6030     -0.115397498     -0.046716112
 0.6040     -0.116937930     -0.046547352
 0.6050     -0.118472907     -0.046379968
 0.6060     -0.120002472     -0.046213946
 0.6070     -0.121526669     -0.046049271
 0.6080     -0.123045541     -0.045885930
 0.6090     -0.124559130     -0.045723908
 0.6100     -0.126067478     -0.045563193
 0.6110     -0.127570626     -0.045403770
 0.6120     -0.129068615     -0.045245626
 0.6130     -0.130561487     -0.045088748
 0.6140     -0.132049281     -0.044933123
 0.6150     -0.133532038     -0.044778738
 0.6160     -0.135009796     -0.044625581
 0.6170     -0.136482595     -0.044473638
 0.6180     -0.137950474     -0.044322898
 0.6190     -0.139413470     -0.044173348
 0.6200     -0.140871622     -0.044024977
 0.6210     -0.142324968     -0.043877772
 0.6220     -0.143773543     -0.043731722
 0.6230     -0.145217387     -0.043586815
 0.6240     -0.146656533     -0.043443040
 0.6250     -0.148091020     -0.043300385
 0.6260     -0.149520882     -0.043158839
 0.6270     -0.150946155     -0.043018392
 0.6280     -0.152366874     -0.042879032
 0.6290     -0.153783074     -0.042740748
 0.6300     -0.155194788     -0.042603531
 0.6310     -0.156602052     -0.042467369
 0.6320     -0.158004898     -0.042332252
 0.6330     -0.159403361     -0.042198170
 0.6340     -0.160797473     -0.042065113
 0.6350     -0.162187267     -0.041933071
 0.6360     -0.163572775     -0.041802034
 0.6370     -0.164954029     -0.041671992
 0.6380     -0.166331062     -0.041542935
 0.6390     -0.167703905     -0.041414855
 0.6400     -0.169072589     -0.041287742
 0.6410     -0.170437145     -0.041161586
 0.6420     -0.171797604     -0.041036378
 0.6430     -0.173153996     -0.040912110
 0.6440     -0.174506350     -0.040788772
 0.6450     -0.175854698     -0.040666356
 0.6460     -0.177199068     -0.040544852
 0.6470     -0.178539490     -0.040424252
 0.6480     -0.179875992     -0.040304548
 0.6490     -0.181208603     -0.040185732
 0.6500     -0.182537353     -0.040067794
 0.6510     -0.183862268     -0.039950727
 0.6520     -0.185183377     -0.039834522
 0.6530     -0.186500707     -0.039719172
 0.6540     -0.187814286     -0.039604668
 0.6550     -0.189124141     -0.039491003
 0.6560     -0.190430299     -0.039378169
 0.6570     -0.191732787     -0.039266159
 0.6580     -0.193031631     -0.039154964
 0.6590     -0.194326856     -0.039044577
 0.6600     -0.195618490     -0.038934991
 0.6610     -0.196906558     -0.038826199
 0.6620     -0.198191085     -0.038718193
 0.6630     -0.199472097     -0.038610966
 0.6640     -0.200749618     -0.038504511
 0.6650     -0.202023674     -0.038398821
 0.6660     -0.203294289     -0.038293889
 0.6670     -0.204561487     -0.038189709
 0.6680     -0.205825293     -0.038086273
 0.6690     -0.207085730     -0.037983575
 0.6700     -0.208342822     -0.037881609
 0.6710     -0.209596593     -0.037780367
 0.6720     -0.210847066     -0.037679843
 0.6730     -0.212094264     -0.037580032
 0.6740     -0.213338211     -0.037480926
 0.6750     -0.214578928     -0.037382520
 0.6760     -0.215816438     -0.037284806
 0.6770     -0.217050764     -0.037187780
 0.6780     -0.218281927     -0.037091435
 0.6790     -0.219509950     -0.036995765
 0.6800     -0.220734855     -0.036900764
 0.6810     -0.221956662     -0.036806427
 0.6820     -0.223175394     -0.036712747
 0.6830     -0.224391071     -0.036619720
 0.6840     -0.225603715     -0.036527338
 0.6850     -0.226813346     -0.036435597
 0.6860     -0.228019985     -0.036344492
 0.6870     -0.229223653     -0.036254016
 0.6880     -0.230424369     -0.036164164
 0.6890     -0.231622154     -0.036074931
 0.6900     -0.232817028     -0.035986312
 0.6910     -0.234009011     -0.035898302
 0.6920     -0.235198122     -0.035810894
 0.6930     -0.236384381     -0.035724085
 0.6940     -0.237567806     -0.035637869
 0.6950     -0.238748418     -0.035552241
 0.6960     -0.239926235     -0.035467196
 0.6970     -0.241101277     -0.035382729
 0.6980     -0.242273560     -0.035298836
 0.6990     -0.243443105     -0.035215511
 0.7000     -0.244609930     -0.035132750
 0.7010     -0.245774052     -0.035050548
 0.7020     -0.246935490     -0.034968901
 0.7030     -0.248094262     -0.034887804
 0.7040     -0.249250385     -0.034807251
 0.7050     -0.250403878     -0.034727240
 0.7060     -0.251554757     -0.034647765
 0.7070     -0.252703040     -0.034568822
 0.7080     -0.253848744     -0.034490406
 0.7090     -0.254991886     -0.034412514
 0.7100     -0.256132483     -0.034335141
 0.7110     -0.257270553     -0.034258282
 0.7120     -0.258406111     -0.034181934
 0.7130     -0.259539173     -0.034106093
 0.7140     -0.260669758     -0.034030753
 0.7150     -0.261797880     -0.033955913
 0.7160     -0.262923556     -0.033881566
 0.7170     -0.264046801     -0.033807709
 0.7180     -0.265167633     -0.033734339
 0.7190     -0.266286066     -0.033661452
 0.7200     -0.267402115     -0.033589043
 0.7210     -0.268515798     -0.033517108
 0.7220     -0.269627128     -0.033445645
 0.7230     -0.270736122     -0.033374649
 0.7240     -0.271842793     -0.033304117
 0.7250     -0.272947159     -0.033234044
 0.7260     -0.274049232     -0.033164428
 0.7270     -0.275149028     -0.033095264
 0.7280     -0.276246562     -0.033026549
 0.7290     -0.277341849     -0.032958280
 0.7300     -0.278434901     -0.032890453
 0.7310     -0.279525735     -0.032823065
 0.7320     -0.280614365     -0.032756112
 0.7330     -0.281700803     -0.032689591
 0.7340     -0.282785065     -0.032623499
 0.7350     -0.283867164     -0.032557831
 0.7360     -0.284947114     -0.032492586
 0.7370     -0.286024929     -0.032427759
 0.7380     -0.287100622     -0.032363347
 0.7390     -0.288174207     -0.032299348
 0.7400     -0.289245697     -0.032235758
 0.7410     -0.290315106     -0.032172574
 0.7420     -0.291382446     -0.032109793
 0.7430     -0.292447730     -0.032047412
 0.7440     -0.293510973     -0.031985427
 0.7450     -0.294572186     -0.031923836
 0.7460     -0.295631382     -0.031862636
 0.7470     -0.296688574     -0.031801824
 0.7480     -0.297743775     -0.031741397
 0.7490     -0.298796997     -0.031681351
 0.7500     -0.299848252     -0.031621685
 0.7510     -0.300897554     -0.031562396
 0.7520     -0.301944913     -0.031503479
 0.7530     -0.302990343     -0.031444934
 0.7540     -0.304033854     -0.031386757
 0.7550     -0.305075460     -0.031328944
 0.7560     -0.306115172     -0.031271495
 0.7570     -0.307153002     -0.031214405
 0.7580     -0.308188961     -0.031157672
 0.7590     -0.309223062     -0.031101295
 0.7600     -0.310255315     -0.031045269
 0.7610     -0.311285733     -0.030989592
 0.7620     -0.312314325     -0.030934262
 0.7630     -0.313341105     -0.030879277
 0.7640     -0.314366083     -0.030824634
 0.7650     -0.315389269     -0.030770330
 0.7660     -0.316410676     -0.030716362
 0.7670     -0.317430314     -0.030662730
 0.7680     -0.318448194     -0.030609429
 0.7690     -0.319464326     -0.030556458
 0.7700     -0.320478722     -0.030503814
 0.7710     -0.321491393     -0.030451495
 0.7720     -0.322502348     -0.030399499
 0.7730     -0.323511598     -0.030347823
 0.7740     -0.324519154     -0.030296465
 0.7750     -0.325525025     -0.030245422
 0.7760     -0.326529223     -0.030194694
 0.7770     -0.327531758     -0.030144276
 0.7780     -0.328532639     -0.030094168
 0.7790     -0.329531877     -0.030044366
 0.7800     -0.330529482     -0.029994870
 0.7810     -0.331525463     -0.029945676
 0.7820     -0.332519830     -0.029896782
 0.7830     -0.333512594     -0.029848187
 0.7840     -0.334503764     -0.029799888
 0.7850     -0.335493349     -0.029751883
 0.7860     -0.336481360     -0.029704170
 0.7870     -0.337467805     -0.029656748
 0.7880     -0.338452695     -0.029609614
 0.7890     -0.339436038     -0.029562766
 0.7900     -0.340417844     -0.029516202
 0.7910     -0.341398122     -0.029469920
 0.7920     -0.342376882     -0.029423919
 0.7930     -0.343354132     -0.029378196
 0.7940     -0.344329882     -0.029332749
 0.7950     -0.345304140     -0.029287577
 0.7960     -0.346276916     -0.029242678
 0.7970     -0.347248218     -0.029198049
 0.7980     -0.348218056     -0.029153690
 0.7990     -0.349186437     -0.029109597
 0.8000     -0.350153372     -0.029065771
 0.8010     -0.351118867     -0.029022207
 0.8020     -0.352082933     -0.028978906
 0.8030     -0.353045577     -0.028935864
 0.8040     -0.354006809     -0.028893081
 0.8050     -0.354966636     -0.028850555
 0.8060     -0.355925066     -0.028808283
 0.8070     -0.356882109     -0.028766264
 0.8080     -0.357837773     -0.028724497
 0.8090     -0.358792065     -0.028682980
 0.8100     -0.359744993     -0.028641711
 0.8110     -0.360696567     -0.028600689
 0.8120     -0.361646794     -0.028559911
 0.8130     -0.362595681     -0.028519377
 0.8140     -0.363543237     -0.028479084
 0.8150     -0.364489471     -0.028439032
 0.8160     -0.365434388     -0.028399218
 0.8170     -0.366377999     -0.028359641
 0.8180     -0.367320309     -0.028320299
 0.8190     -0.368261327     -0.028281191
 0.8200     -0.369201061     -0.028242316
 0.8210     -0.370139518     -0.028203672
 0.8220     -0.371076705     -0.028165257
 0.8230     -0.372012631     -0.028127070
 0.8240     -0.372947302     -0.028089109
 0.8250     -0.373880726     -0.028051373
 0.8260     -0.374812910     -0.028013861
 0.8270     -0.375743862     -0.027976571
 0.8280     -0.376673589     -0.027939502
 0.8290     -0.377602097     -0.027902652
 0.8300     -0.378529396     -0.027866020
 0.8310     -0.379455490     -0.027829604
 0.8320     -0.380380388     -0.027793404
 0.8330     -0.381304097     -0.027757417
 0.8340     -0.382226622     -0.027721643
 0.8350     -0.383147973     -0.027686080
 0.8360     -0.384068155     -0.027650727
 0.8370     -0.384987174     -0.027615582
 0.8380     -0.385905039     -0.027580644
 0.8390     -0.386821756     -0.027545913
 0.8400     -0.387737331     -0.027511385
 0.8410     -0.388651772     -0.027477062
 0.8420     -0.389565084     -0.027442940
 0.8430     -0.390477275     -0.027409019
 0.8440     -0.391388350     -0.027375297
 0.8450     -0.392298318     -0.027341774
 0.8460     -0.393207183     -0.027308448
 0.8470     -0.394114953     -0.027275318
 0.8480     -0.395021634     -0.027242382
 0.8490     -0.395927232     -0.027209640
 0.8500     -0.396831754     -0.027177091
 0.8510     -0.397735206     -0.027144732
 0.8520     -0.398637593     -0.027112564
 0.8530     -0.399538924     -0.027080584
 0.8540     -0.400439203     -0.027048793
 0.8550     -0.401338436     -0.027017187
 0.8560     -0.402236631     -0.026985767
 0.8570     -0.403133792     -0.026954532
 0.8580     -0.404029926     -0.026923479
 0.8590     -0.404925039     -0.026892609
 0.8600     -0.405819137     -0.026861920
 0.8610     -0.406712226     -0.026831411
 0.8620     -0.407604312     -0.026801081
 0.8630     -0.408495400     -0.026770928
 0.8640     -0.409385497     -0.026740952
 0.8650     -0.410274608     -0.026711152
 0.8660     -0.411162739     -0.026681527
 0.8670     -0.412049895     -0.026652075
 0.8680     -0.412936083     -0.026622796
 0.8690     -0.413821308     -0.026593689
 0.8700     -0.414705575     -0.026564752
 0.8710     -0.415588891     -0.026535985
 0.8720     -0.416471261     -0.026507386
 0.8730     -0.417352690     -0.026478956
 0.8740     -0.418233183     -0.026450691
 0.8750     -0.419112747     -0.026422593
 0.8760     -0.419991387     -0.026394659
 0.8770     -0.420869108     -0.026366889
 0.8780     -0.421745915     -0.026339282
 0.8790     -0.422621814     -0.026311837
 0.8800     -0.423496811     -0.026284553
 0.8810     -0.424370909     -0.026257429
 0.8820     -0.425244116     -0.026230464
 0.8830     -0.426116435     -0.026203657
 0.8840     -0.426987872     -0.026177008
 0.8850     -0.427858433     -0.026150515
 0.8860     -0.428728122     -0.026124178
 0.8870     -0.429596944     -0.026097996
 0.8880     -0.430464905     -0.026071967
 0.8890     -0.431332009     -0.026046091
 0.8900     -0.432198263     -0.026020368
 0.8910     -0.433063669     -0.025994795
 0.8920     -0.433928234     -0.025969373
 0.8930     -0.434791963     -0.025944101
 0.8940     -0.435654860     -0.025918977
 0.8950     -0.436516931     -0.025894002
 0.8960     -0.437378179     -0.025869173
 0.8970     -0.438238610     -0.025844491
 0.8980     -0.439098230     -0.025819954
 0.8990     -0.439957041     -0.025795562
 0.9000     -0.440815050     -0.025771314
 0.9010     -0.441672261     -0.025747208
 0.9020     -0.442528679     -0.025723246
 0.9030     -0.443384308     -0.025699424
 0.9040     -0.444239153     -0.025675744
 0.9050     -0.445093219     -0.025652203
 0.9060     -0.445946510     -0.025628802
 0.9070     -0.446799030     -0.025605539
 0.9080     -0.447650785     -0.025582414
 0.9090     -0.448501779     -0.025559426
 0.9100     -0.449352016     -0.025536574
 0.9110     -0.450201501     -0.025513858
 0.9120     -0.451050239     -0.025491276
 0.9130     -0.451898233     -0.025468829
 0.9140     -0.452745488     -0.025446515
 0.9150     -0.453592009     -0.025424334
 0.9160     -0.454437799     -0.025402284
 0.9170     -0.455282864     -0.025380366
 0.9180     -0.456127207     -0.025358579
 0.9190     -0.456970833     -0.025336921
 0.9200     -0.457813746     -0.025315393
 0.9210     -0.458655951     -0.025293993
 0.9220     -0.459497451     -0.025272721
 0.9230     -0.460338250     -0.025251576
 0.9240     -0.461178354     -0.025230558
 0.9250     -0.462017765     -0.025209665
 0.9260     -0.462856489     -0.025188898
 0.9270     -0.463694529     -0.025168255
 0.9280     -0.464531889     -0.025147737
 0.9290     -0.465368574     -0.025127341
 0.9300     -0.466204588     -0.025107069
 0.9310     -0.467039934     -0.025086918
 0.9320     -0.467874616     -0.025066889
 0.9330     -0.468708639     -0.025046980
 0.9340     -0.469542007     -0.025027192
 0.9350     -0.470374723     -0.025007523
 0.9360     -0.471206792     -0.024987974
 0.9370     -0.472038217     -0.024968542
 0.9380     -0.472869002     -0.024949229
 0.9390     -0.473699151     -0.024930032
 0.9400     -0.474528668     -0.024910953
 0.9410     -0.475357557     -0.024891989
 0.9420     -0.476185821     -0.024873140
 0.9430     -0.477013465     -0.024854407
 0.9440     -0.477840492     -0.024835788
 0.9450     -0.478666905     -0.024817282
 0.9460     -0.479492710     -0.024798890
 0.9470     -0.480317909     -0.024780611
 0.9480     -0.481142506     -0.024762443
 0.9490     -0.481966504     -0.024744387
 0.9500     -0.482789908     -0.024726442
 0.9510     -0.483612722     -0.024708607
 0.9520     -0.484434947     -0.024690882
 0.9530     -0.485256590     -0.024673267
 0.9540     -0.486077652     -0.024655760
 0.9550     -0.486898137     -0.024638362
 0.9560     -0.487718050     -0.024621072
 0.9570     -0.488537393     -0.024603888
 0.9580     -0.489356170     -0.024586812
 0.9590     -0.490174385     -0.024569842
 0.9600     -0.490992042     -0.024552977
 0.9610     -0.491809142     -0.024536218
 0.9620     -0.492625691     -0.024519564
 0.9630     -0.493441692     -0.024503013
 0.9640     -0.494257147     -0.024486567
 0.9650     -0.495072061     -0.024470224
 0.9660     -0.495886436     -0.024453983
 0.9670     -0.496700277     -0.024437845
 0.9680     -0.497513586     -0.024421809
 0.9690     -0.498326367     -0.024405874
 0.9700     -0.499138623     -0.024390040
 0.9710     -0.499950358     -0.024374307
 0.9720     -0.500761574     -0.024358673
 0.9730     -0.501572276     -0.024343139
 0.9740     -0.502382466     -0.024327704
 0.9750     -0.503192147     -0.024312368
 0.9760     -0.504001324     -0.024297129
 0.9770     -0.504809999     -0.024281989
 0.9780     -0.505618175     -0.024266946
 0.9790     -0.506425855     -0.024251999
 0.9800     -0.507233044     -0.024237149
 0.9810     -0.508039743     -0.024222395
 0.9820     -0.508845956     -0.024207737
 0.9830     -0.509651687     -0.024193174
 0.9840     -0.510456937     -0.024178705
 0.9850     -0.511261712     -0.024164331
 0.9860     -0.512066013     -0.024150050
 0.9870     -0.512869843     -0.024135863
 0.9880     -0.513673206     -0.024121769
 0.9890     -0.514476105     -0.024107768
 0.9900     -0.515278543     -0.024093859
 0.9910     -0.516080523     -0.024080041
 0.9920     -0.516882047     -0.024066316
 0.9930     -0.517683120     -0.024052681
 0.9940     -0.518483743     -0.024039137
 0.9950     -0.519283921     -0.024025683
 0.9960     -0.520083655     -0.024012319
 0.9970     -0.520882949     -0.023999045
 0.9980     -0.521681806     -0.023985860
 0.9990     -0.522480228     -0.023972763
