-1.0000     -1.432147793     -0.068843692
-0.9990     -1.434441141     -0.068955987
-0.9980     -1.436738226     -0.069068614
-0.9970     -1.439039058     -0.069181574
-0.9960     -1.441343648     -0.069294867
-0.9950     -1.443652008     -0.069408496
-0.9940     -1.445964148     -0.069522461
-0.9930     -1.448280080     -0.069636764
-0.9920     -1.450599815     -0.069751406
-0.9910     -1.452923364     -0.069866388
-0.9900     -1.455250738     -0.069981712
-0.9890     -1.457581950     -0.070097379
-0.9880     -1.459917009     -0.070213390
-0.9870     -1.462255929     -0.070329746
-0.9860     -1.464598719     -0.070446450
-0.9850     -1.466945392     -0.070563501
-0.9840     -1.469295960     -0.070680902
-0.9830     -1.471650433     -0.070798654
-0.9820     -1.474008823     -0.070916757
-0.9810     -1.476371143     -0.071035215
-0.9800     -1.478737404     -0.071154027
-0.9790     -1.481107617     -0.071273195
-0.9780     -1.483481795     -0.071392721
-0.9770     -1.485859950     -0.071512605
-0.9760     -1.488242092     -0.071632850
-0.9750     -1.490628235     -0.071753457
-0.9740     -1.493018390     -0.071874427
-0.9730     -1.495412570     -0.071995761
-0.9720     -1.497810786     -0.072117461
-0.9710     -1.500213051     -0.072239528
-0.9700     -1.502619376     -0.072361964
-0.9690     -1.505029775     -0.072484771
-0.9680     -1.507444258     -0.072607948
-0.9670     -1.509862840     -0.072731499
-0.9660     -1.512285531     -0.072855424
-0.9650     -1.514712345     -0.072979726
-0.9640     -1.517143295     -0.073104404
-0.9630     -1.519578391     -0.073229462
-0.9620     -1.522017648     -0.073354899
-0.9610     -1.524461077     -0.073480719
-0.9600     -1.526908692     -0.073606921
-0.9590     -1.529360505     -0.073733509
-0.9580     -1.531816528     -0.073860483
-0.9570     -1.534276776     -0.073987845
-0.9560     -1.536741260     -0.074115596
-0.9550     -1.539209993     -0.074243738
-0.9540     -1.541682990     -0.074372272
-0.9530     -1.544160261     -0.074501200
-0.9520     -1.546641821     -0.074630524
-0.9510     -1.549127683     -0.074760244
-0.9500     -1.551617860     -0.074890364
-0.9490     -1.554112365     -0.075020883
-0.9480     -1.556611212     -0.075151805
-0.9470     -1.559114413     -0.075283129
-0.9460     -1.561621983     -0.075414859
-0.9450     -1.564133934     -0.075546995
-0.9440     -1.566650280     -0.075679540
-0.9430     -1.569171035     -0.075812494
-0.9420     -1.571696212     -0.075945860
-0.9410     -1.574225825     -0.076079639
-0.9400     -1.576759888     -0.076213832
-0.9390     -1.579298414     -0.076348442
-0.9380     -1.581841418     -0.076483470
-0.9370     -1.584388912     -0.076618917
-0.9360     -1.586940912     -0.076754787
-0.9350     -1.589497430     -0.076891079
-0.9340     -1.592058482     -0.077027796
-0.9330     -1.594624081     -0.077164939
-0.9320     -1.597194241     -0.077302511
-0.9310     -1.599768977     -0.077440512
-0.9300     -1.602348303     -0.077578946
-0.9290     -1.604932232     -0.077717812
-0.9280     -1.607520781     -0.077857114
-0.9270     -1.610113962     -0.077996853
-0.9260     -1.612711791     -0.078137030
-0.9250     -1.615314282     -0.078277648
-0.9240     -1.617921449     -0.078418708
-0.9230     -1.620533308     -0.078560213
-0.9220     -1.623149873     -0.078702163
-0.9210     -1.625771159     -0.078844561
-0.9200     -1.628397181     -0.078987408
-0.9190     -1.631027953     -0.079130707
-0.9180     -1.633663491     -0.079274459
-0.9170     -1.636303810     -0.079418665
-0.9160     -1.638948924     -0.079563329
-0.9150     -1.641598850     -0.079708452
-0.9140     -1.644253602     -0.079854035
-0.9130     -1.646913195     -0.080000081
-0.9120     -1.649577645     -0.080146591
-0.9110     -1.652246967     -0.080293567
-0.9100     -1.654921177     -0.080441012
-0.9090     -1.657600290     -0.080588927
-0.9080     -1.660284322     -0.080737315
-0.9070     -1.662973288     -0.080886176
-0.9060     -1.665667205     -0.081035513
-0.9050     -1.668366088     -0.081185329
-0.9040     -1.671069953     -0.081335624
-0.9030     -1.673778815     -0.081486401
-0.9020     -1.676492692     -0.081637663
-0.9010     -1.679211598     -0.081789410
-0.9000     -1.681935551     -0.081941646
-0.8990     -1.684664565     -0.082094372
-0.8980     -1.687398658     -0.082247589
-0.8970     -1.690137846     -0.082401301
-0.8960     -1.692882146     -0.082555510
-0.8950     -1.695631572     -0.082710216
-0.8940     -1.698386144     -0.082865423
-0.8930     -1.701145876     -0.083021133
-0.8920     -1.703910785     -0.083177347
-0.8910     -1.706680889     -0.083334068
-0.8900     -1.709456203     -0.083491298
-0.8890     -1.712236746     -0.083649038
-0.8880     -1.715022534     -0.083807292
-0.8870     -1.717813583     -0.083966062
-0.8860     -1.720609912     -0.084125349
-0.8850     -1.723411537     -0.084285156
-0.8840     -1.726218475     -0.084445484
-0.8830     -1.729030744     -0.084606337
-0.8820     -1.731848361     -0.084767716
-0.8810     -1.734671344     -0.084929624
-0.8800     -1.737499710     -0.085092063
-0.8790     -1.740333476     -0.085255035
-0.8780     -1.743172662     -0.085418542
-0.8770     -1.746017283     -0.085582587
-0.8760     -1.748867358     -0.085747172
-0.8750     -1.751722906     -0.085912299
-0.8740     -1.754583943     -0.086077971
-0.8730     -1.757450488     -0.086244190
-0.8720     -1.760322560     -0.086410959
-0.8710     -1.763200176     -0.086578278
-0.8700     -1.766083354     -0.086746153
-0.8690     -1.768972114     -0.086914583
-0.8680     -1.771866473     -0.087083572
-0.8670     -1.774766450     -0.087253123
-0.8660     -1.777672064     -0.087423237
-0.8650     -1.780583333     -0.087593918
-0.8640     -1.783500277     -0.087765167
-0.8630     -1.786422913     -0.087936987
-0.8620     -1.789351262     -0.088109381
-0.8610     -1.792285341     -0.088282350
-0.8600     -1.795225170     -0.088455899
-0.8590     -1.798170769     -0.088630028
-0.8580     -1.801122156     -0.088804741
-0.8570     -1.804079351     -0.088980040
-0.8560     -1.807042374     -0.089155928
-0.8550     -1.810011243     -0.089332407
-0.8540     -1.812985979     -0.089509480
-0.8530     -1.815966601     -0.089687150
-0.8520     -1.818953129     -0.089865418
-0.8510     -1.821945583     -0.090044289
-0.8500     -1.824943982     -0.090223764
-0.8490     -1.827948347     -0.090403846
-0.8480     -1.830958699     -0.090584537
-0.8470     -1.833975056     -0.090765841
-0.8460     -1.836997440     -0.090947761
-0.8450     -1.840025871     -0.091130298
-0.8440     -1.843060369     -0.091313456
-0.8430     -1.846100955     -0.091497237
-0.8420     -1.849147650     -0.091681644
-0.8410     -1.852200474     -0.091866681
-0.8400     -1.855259448     -0.092052349
-0.8390     -1.858324594     -0.092238651
-0.8380     -1.861395932     -0.092425591
-0.8370     -1.864473483     -0.092613172
-0.8360     -1.867557268     -0.092801395
-0.8350     -1.870647310     -0.092990265
-0.8340     -1.873743629     -0.093179783
-0.8330     -1.876846246     -0.093369953
-0.8320     -1.879955185     -0.093560778
-0.8310     -1.883070465     -0.093752260
-0.8300     -1.886192109     -0.093944404
-0.8290     -1.889320139     -0.094137210
-0.8280     -1.892454577     -0.094330684
-0.8270     -1.895595445     -0.094524827
-0.8260     -1.898742765     -0.094719643
-0.8250     -1.901896560     -0.094915135
-0.8240     -1.905056851     -0.095111305
-0.8230     -1.908223662     -0.095308157
-0.8220     -1.911397015     -0.095505694
-0.8210     -1.914576932     -0.095703920
-0.8200     -1.917763437     -0.095902836
-0.8190     -1.920956552     -0.096102447
-0.8180     -1.924156301     -0.096302756
-0.8170     -1.927362706     -0.096503765
-0.8160     -1.930575791     -0.096705479
-0.8150     -1.933795579     -0.096907899
-0.8140     -1.937022093     -0.097111030
-0.8130     -1.940255358     -0.097314875
-0.8120     -1.943495396     -0.097519437
-0.8110     -1.946742232     -0.097724719
-0.8100     -1.949995889     -0.097930725
-0.8090     -1.953256392     -0.098137458
-0.8080     -1.956523764     -0.098344921
-0.8070     -1.959798030     -0.098553118
-0.8060     -1.963079213     -0.098762052
-0.8050     -1.966367339     -0.098971726
-0.8040     -1.969662432     -0.099182145
-0.8030     -1.972964517     -0.099393311
-0.8020     -1.976273618     -0.099605228
-0.8010     -1.979589760     -0.099817899
-0.8000     -1.982912968     -0.100031329
-0.7990     -1.986243268     -0.100245520
-0.7980     -1.989580684     -0.100460476
-0.7970     -1.992925242     -0.100676200
-0.7960     -1.996276968     -0.100892697
-0.7950     -1.999635887     -0.101109970
-0.7940     -2.003002024     -0.101328023
-0.7930     -2.006375406     -0.101546858
-0.7920     -2.009756059     -0.101766481
-0.7910     -2.013144008     -0.101986894
-0.7900     -2.016539279     -0.102208102
-0.7890     -2.019941900     -0.102430107
-0.7880     -2.023351897     -0.102652915
-0.7870     -2.026769295     -0.102876528
-0.7860     -2.030194122     -0.103100951
-0.7850     -2.033626405     -0.103326188
-0.7840     -2.037066170     -0.103552241
-0.7830     -2.040513445     -0.103779116
-0.7820     -2.043968257     -0.104006816
-0.7810     -2.047430633     -0.104235345
-0.7800     -2.050900601     -0.104464707
-0.7790     -2.054378187     -0.104694905
-0.7780     -2.057863421     -0.104925945
-0.7770     -2.061356330     -0.105157830
-0.7760     -2.064856941     -0.105390564
-0.7750     -2.068365283     -0.105624151
-0.7740     -2.071881384     -0.105858596
-0.7730     -2.075405273     -0.106093902
-0.7720     -2.078936978     -0.106330073
-0.7710     -2.082476528     -0.106567115
-0.7700     -2.086023951     -0.106805030
-0.7690     -2.089579277     -0.107043824
-0.7680     -2.093142534     -0.107283500
-0.7670     -2.096713752     -0.107524063
-0.7660     -2.100292960     -0.107765517
-0.7650     -2.103880188     -0.108007866
-0.7640     -2.107475466     -0.108251116
-0.7630     -2.111078822     -0.108495269
-0.7620     -2.114690288     -0.108740331
-0.7610     -2.118309893     -0.108986307
-0.7600     -2.121937667     -0.109233200
-0.7590     -2.125573641     -0.109481015
-0.7580     -2.129217845     -0.109729756
-0.7570     -2.132870311     -0.109979429
-0.7560     -2.136531068     -0.110230038
-0.7550     -2.140200148     -0.110481586
-0.7540     -2.143877582     -0.110734080
-0.7530     -2.147563401     -0.110987524
-0.7520     -2.151257637     -0.111241922
-0.7510     -2.154960321     -0.111497280
-0.7500     -2.158671485     -0.111753601
-0.7490     -2.162391161     -0.112010891
-0.7480     -2.166119382     -0.112269154
-0.7470     -2.169856178     -0.112528396
-0.7460     -2.173601583     -0.112788621
-0.7450     -2.177355629     -0.113049834
-0.7440     -2.181118350     -0.113312041
-0.7430     -2.184889777     -0.113575245
-0.7420     -2.188669943     -0.113839453
-0.7410     -2.192458883     -0.114104669
-0.7400     -2.196256629     -0.114370898
-0.7390     -2.200063215     -0.114638145
-0.7380     -2.203878675     -0.114906416
-0.7370     -2.207703042     -0.115175716
-0.7360     -2.211536351     -0.115446049
-0.7350     -2.215378635     -0.115717421
-0.7340     -2.219229930     -0.115989838
-0.7330     -2.223090269     -0.116263304
-0.7320     -2.226959688     -0.116537826
-0.7310     -2.230838221     -0.116813407
-0.7300     -2.234725904     -0.117090055
-0.7290     -2.238622771     -0.117367773
-0.7280     -2.242528859     -0.117646569
-0.7270     -2.246444202     -0.117926446
-0.7260     -2.250368837     -0.118207411
-0.7250     -2.254302799     -0.118489469
-0.7240     -2.258246125     -0.118772627
-0.7230     -2.262198851     -0.119056889
-0.7220     -2.266161014     -0.119342261
-0.7210     -2.270132651     -0.119628749
-0.7200     -2.274113797     -0.119916358
-0.7190     -2.278104491     -0.120205095
-0.7180     -2.282104770     -0.120494966
-0.7170     -2.286114671     -0.120785976
-0.7160     -2.290134232     -0.121078131
-0.7150     -2.294163491     -0.121371437
-0.7140     -2.298202485     -0.121665900
-0.7130     -2.302251254     -0.121961526
-0.7120     -2.306309836     -0.122258321
-0.7110     -2.310378268     -0.122556292
-0.7100     -2.314456591     -0.122855444
-0.7090     -2.318544843     -0.123155784
-0.7080     -2.322643064     -0.123457317
-0.7070     -2.326751292     -0.123760051
-0.7060     -2.330869568     -0.124063991
-0.7050     -2.334997932     -0.124369143
-0.7040     -2.339136424     -0.124675515
-0.7030     -2.343285083     -0.124983113
-0.7020     -2.347443952     -0.125291942
-0.7010     -2.351613069     -0.125602011
-0.7000     -2.355792477     -0.125913324
-0.6990     -2.359982216     -0.126225889
-0.6980     -2.364182328     -0.126539713
-0.6970     -2.368392854     -0.126854801
-0.6960     -2.372613837     -0.127171162
-0.6950     -2.376845318     -0.127488801
-0.6940     -2.381087340     -0.127807725
-0.6930     -2.385339945     -0.128127942
-0.6920     -2.389603175     -0.128449459
-0.6910     -2.393877075     -0.128772281
-0.6900     -2.398161686     -0.129096417
-0.6890     -2.402457053     -0.129421873
-0.6880     -2.406763218     -0.129748657
-0.6870     -2.411080227     -0.130076775
-0.6860     -2.415408123     -0.130406235
-0.6850     -2.419746950     -0.130737044
-0.6840     -2.424096753     -0.131069210
-0.6830     -2.428457577     -0.131402739
-0.6820     -2.432829467     -0.131737639
-0.6810     -2.437212468     -0.132073918
-0.6800     -2.441606626     -0.132411583
-0.6790     -2.446011987     -0.132750642
-0.6780     -2.450428596     -0.133091102
-0.6770     -2.454856500     -0.133432971
-0.6760     -2.459295746     -0.133776256
-0.6750     -2.463746380     -0.134120967
-0.6740     -2.468208449     -0.134467109
-0.6730     -2.472682001     -0.134814691
-0.6720     -2.477167084     -0.135163722
-0.6710     -2.481663745     -0.135514208
-0.6700     -2.486172032     -0.135866159
-0.6690     -2.490691993     -0.136219582
-0.6680     -2.495223678     -0.136574485
-0.6670     -2.499767136     -0.136930877
-0.6660     -2.504322414     -0.137288765
-0.6650     -2.508889564     -0.137648159
-0.6640     -2.513468634     -0.138009066
-0.6630     -2.518059675     -0.138371495
-0.6620     -2.522662737     -0.138735454
-0.6610     -2.527277870     -0.139100953
-0.6600     -2.531905125     -0.139467999
-0.6590     -2.536544554     -0.139836601
-0.6580     -2.541196207     -0.140206769
-0.6570     -2.545860137     -0.140578510
-0.6560     -2.550536395     -0.140951834
-0.6550     -2.555225035     -0.141326750
-0.6540     -2.559926107     -0.141703266
-0.6530     -2.564639666     -0.142081392
-0.6520     -2.569365764     -0.142461137
-0.6510     -2.574104454     -0.142842510
-0.6500     -2.578855792     -0.143225520
-0.6490     -2.583619830     -0.143610176
-0.6480     -2.588396622     -0.143996489
-0.6470     -2.593186225     -0.144384466
-0.6460     -2.597988692     -0.144774119
-0.6450     -2.602804079     -0.145165456
-0.6440     -2.607632442     -0.145558487
-0.6430     -2.612473836     -0.145953222
-0.6420     -2.617328318     -0.146349671
-0.6410     -2.622195945     -0.146747843
-0.6400     -2.627076772     -0.147147749
-0.6390     -2.631970858     -0.147549398
-0.6380     -2.636878260     -0.147952800
-0.6370     -2.641799036     -0.148357966
-0.6360     -2.646733244     -0.148764906
-0.6350     -2.651680943     -0.149173630
-0.6340     -2.656642191     -0.149584149
-0.6330     -2.661617048     -0.149996472
-0.6320     -2.666605573     -0.150410611
-0.6310     -2.671607826     -0.150826576
-0.6300     -2.676623868     -0.151244378
-0.6290     -2.681653760     -0.151664028
-0.6280     -2.686697561     -0.152085536
-0.6270     -2.691755333     -0.152508913
-0.6260     -2.696827139     -0.152934170
-0.6250     -2.701913040     -0.153361319
-0.6240     -2.707013098     -0.153790370
-0.6230     -2.712127377     -0.154221335
-0.6220     -2.717255939     -0.154654224
-0.6210     -2.722398848     -0.155089051
-0.6200     -2.727556168     -0.155525825
-0.6190     -2.732727963     -0.155964559
-0.6180     -2.737914298     -0.156405264
-0.6170     -2.743115238     -0.156847952
-0.6160     -2.748330848     -0.157292635
-0.6150     -2.753561193     -0.157739324
-0.6140     -2.758806341     -0.158188033
-0.6130     -2.764066358     -0.158638772
-0.6120     -2.769341311     -0.159091554
-0.6110     -2.774631266     -0.159546391
-0.6100     -2.779936293     -0.160003296
-0.6090     -2.785256458     -0.160462282
-0.6080     -2.790591831     -0.160923360
-0.6070     -2.795942481     -0.161386543
-0.6060     -2.801308477     -0.161851845
-0.6050     -2.806689889     -0.162319277
-0.6040     -2.812086787     -0.162788854
-0.6030     -2.817499242     -0.163260587
-0.6020     -2.822927325     -0.163734491
-0.6010     -2.828371108     -0.164210578
-0.6000     -2.833830662     -0.164688862
-0.5990     -2.839306060     -0.165169356
-0.5980     -2.844797374     -0.165652074
-0.5970     -2.850304679     -0.166137030
-0.5960     -2.855828048     -0.166624236
-0.5950     -2.861367555     -0.167113708
-0.5940     -2.866923274     -0.167605459
-0.5930     -2.872495282     -0.168099503
-0.5920     -2.878083652     -0.168595855
-0.5910     -2.883688463     -0.169094528
-0.5900     -2.889309789     -0.169595537
-0.5890     -2.894947708     -0.170098897
-0.5880     -2.900602297     -0.170604622
-0.5870     -2.906273635     -0.171112728
-0.5860     -2.911961799     -0.171623228
-0.5850     -2.917666869     -0.172136138
-0.5840     -2.923388924     -0.172651473
-0.5830     -2.929128044     -0.173169249
-0.5820     -2.934884309     -0.173689480
-0.5810     -2.940657800     -0.174212182
-0.5800     -2.946448599     -0.174737370
-0.5790     -2.952256788     -0.175265062
-0.5780     -2.958082448     -0.175795271
-0.5770     -2.963925663     -0.176328015
-0.5760     -2.969786516     -0.176863308
-0.5750     -2.975665092     -0.177401169
-0.5740     -2.981561475     -0.177941612
-0.5730     -2.987475749     -0.178484655
-0.5720     -2.993408001     -0.179030313
-0.5710     -2.999358316     -0.179578604
-0.5700     -3.005326781     -0.180129545
-0.5690     -3.011313484     -0.180683152
-0.5680     -3.017318513     -0.181239443
-0.5670     -3.023341955     -0.181798435
-0.5660     -3.029383899     -0.182360146
-0.5650     -3.035444435     -0.182924592
-0.5640     -3.041523654     -0.183491792
-0.5630     -3.047621645     -0.184061764
-0.5620     -3.053738500     -0.184634526
-0.5610     -3.059874311     -0.185210095
-0.5600     -3.066029170     -0.185788490
-0.5590     -3.072203170     -0.186369729
-0.5580     -3.078396405     -0.186953832
-0.5570     -3.084608968     -0.187540816
-0.5560     -3.090840956     -0.188130701
-0.5550     -3.097092462     -0.188723506
-0.5540     -3.103363584     -0.189319250
-0.5530     -3.109654418     -0.189917952
-0.5520     -3.115965061     -0.190519632
-0.5510     -3.122295611     -0.191124310
-0.5500     -3.128646167     -0.191732004
-0.5490     -3.135016828     -0.192342737
-0.5480     -3.141407694     -0.192956527
-0.5470     -3.147818866     -0.193573395
-0.5460     -3.154250444     -0.194193361
-0.5450     -3.160702531     -0.194816447
-0.5440     -3.167175229     -0.195442672
-0.5430     -3.173668642     -0.196072059
-0.5420     -3.180182873     -0.196704628
-0.5410     -3.186718027     -0.197340401
-0.5400     -3.193274209     -0.197979399
-0.5390     -3.199851526     -0.198621644
-0.5380     -3.206450083     -0.199267157
-0.5370     -3.213069990     -0.199915963
-0.5360     -3.219711353     -0.200568081
-0.5350     -3.226374281     -0.201223535
-0.5340     -3.233058885     -0.201882348
-0.5330     -3.239765275     -0.202544543
-0.5320     -3.246493561     -0.203210142
-0.5310     -3.253243856     -0.203879169
-0.5300     -3.260016272     -0.204551647
-0.5290     -3.266810923     -0.205227601
-0.5280     -3.273627923     -0.205907053
-0.5270     -3.280467387     -0.206590028
-0.5260     -3.287329430     -0.207276551
-0.5250     -3.294214169     -0.207966646
-0.5240     -3.301121722     -0.208660337
-0.5230     -3.308052206     -0.209357649
-0.5220     -3.315005741     -0.210058608
-0.5210     -3.321982446     -0.210763239
-0.5200     -3.328982441     -0.211471568
-0.5190     -3.336005849     -0.212183620
-0.5180     -3.343052792     -0.212899422
-0.5170     -3.350123392     -0.213618999
-0.5160     -3.357217773     -0.214342378
-0.5150     -3.364336061     -0.215069587
-0.5140     -3.371478381     -0.215800651
-0.5130     -3.378644860     -0.216535599
-0.5120     -3.385835625     -0.217274457
-0.5110     -3.393050804     -0.218017253
-0.5100     -3.400290528     -0.218764016
-0.5090     -3.407554925     -0.219514772
-0.5080     -3.414844127     -0.220269552
-0.5070     -3.422158266     -0.221028383
-0.5060     -3.429497474     -0.221791295
-0.5050     -3.436861887     -0.222558316
-0.5040     -3.444251638     -0.223329476
-0.5030     -3.451666864     -0.224104805
-0.5020     -3.459107701     -0.224884333
-0.5010     -3.466574287     -0.225668090
-0.5000     -3.474066760     -0.226456107
-0.4990     -3.481585261     -0.227248414
-0.4980     -3.489129929     -0.228045042
-0.4970     -3.496700908     -0.228846023
-0.4960     -3.504298338     -0.229651389
-0.4950     -3.511922365     -0.230461172
-0.4940     -3.519573133     -0.231275403
-0.4930     -3.527250788     -0.232094115
-0.4920     -3.534955477     -0.232917342
-0.4910     -3.542687347     -0.233745115
-0.4900     -3.550446548     -0.234577469
-0.4890     -3.558233230     -0.235414438
-0.4880     -3.566047544     -0.236256055
-0.4870     -3.573889642     -0.237102355
-0.4860     -3.581759679     -0.237953373
-0.4850     -3.589657807     -0.238809143
-0.4840     -3.597584184     -0.239669700
-0.4830     -3.605538966     -0.240535082
-0.4820     -3.613522311     -0.241405322
-0.4810     -3.621534378     -0.242280459
-0.4800     -3.629575328     -0.243160528
-0.4790     -3.637645322     -0.244045567
-0.4780     -3.645744523     -0.244935612
-0.4770     -3.653873094     -0.245830703
-0.4760     -3.662031202     -0.246730875
-0.4750     -3.670219012     -0.247636169
-0.4740     -3.678436692     -0.248546623
-0.4730     -3.686684411     -0.249462276
-0.4720     -3.694962339     -0.250383167
-0.4710     -3.703270647     -0.251309337
-0.4700     -3.711609509     -0.252240826
-0.4690     -3.719979099     -0.253177674
-0.4680     -3.728379591     -0.254119922
-0.4670     -3.736811163     -0.255067613
-0.4660     -3.745273993     -0.256020787
-0.4650     -3.753768259     -0.256979488
-0.4640     -3.762294143     -0.257943757
-0.4630     -3.770851827     -0.258913638
-0.4620     -3.779441495     -0.259889175
-0.4610     -3.788063331     -0.260870410
-0.4600     -3.796717522     -0.261857390
-0.4590     -3.805404255     -0.262850157
-0.4580     -3.814123720     -0.263848758
-0.4570     -3.822876108     -0.264853239
-0.4560     -3.831661611     -0.265863645
-0.4550     -3.840480422     -0.266880022
-0.4540     -3.849332737     -0.267902419
-0.4530     -3.858218752     -0.268930881
-0.4520     -3.867138666     -0.269965459
-0.4510     -3.876092679     -0.271006199
-0.4500     -3.885080991     -0.272053150
-0.4490     -3.894103806     -0.273106363
-0.4480     -3.903161328     -0.274165886
-0.4470     -3.912253764     -0.275231771
-0.4460     -3.921381321     -0.276304068
-0.4450     -3.930544208     -0.277382828
-0.4440     -3.939742637     -0.278468104
-0.4430     -3.948976821     -0.279559947
-0.4420     -3.958246974     -0.280658412
-0.4410     -3.967553311     -0.281763550
-0.4400     -3.976896052     -0.282875417
-0.4390     -3.986275415     -0.283994067
-0.4380     -3.995691622     -0.285119555
-0.4370     -4.005144897     -0.286251936
-0.4360     -4.014635463     -0.287391267
-0.4350     -4.024163548     -0.288537606
-0.4340     -4.033729381     -0.289691008
-0.4330     -4.043333191     -0.290851532
-0.4320     -4.052975212     -0.292019237
-0.4310     -4.062655677     -0.293194182
-0.4300     -4.072374823     -0.294376427
-0.4290     -4.082132887     -0.295566032
-0.4280     -4.091930109     -0.296763058
-0.4270     -4.101766733     -0.297967567
-0.4260     -4.111643000     -0.299179622
-0.4250     -4.121559158     -0.300399284
-0.4240     -4.131515455     -0.301626618
-0.4230     -4.141512140     -0.302861689
-0.4220     -4.151549465     -0.304104560
-0.4210     -4.161627685     -0.305355299
-0.4200     -4.171747056     -0.306613970
-0.4190     -4.181907836     -0.307880642
-0.4180     -4.192110287     -0.309155381
-0.4170     -4.202354670     -0.310438257
-0.4160     -4.212641250     -0.311729339
-0.4150     -4.222970296     -0.313028696
-0.4140     -4.233342076     -0.314336399
-0.4130     -4.243756862     -0.315652520
-0.4120     -4.254214928     -0.316977130
-0.4110     -4.264716550     -0.318310304
-0.4100     -4.275262007     -0.319652114
-0.4090     -4.285851580     -0.321002635
-0.4080     -4.296485553     -0.322361943
-0.4070     -4.307164211     -0.323730113
-0.4060     -4.317887843     -0.325107223
-0.4050     -4.328656739     -0.326493351
-0.4040     -4.339471192     -0.327888575
-0.4030     -4.350331499     -0.329292975
-0.4020     -4.361237957     -0.330706631
-0.4010     -4.372190868     -0.332129624
-0.4000     -4.383190536     -0.333562037
-0.3990     -4.394237265     -0.335003953
-0.3980     -4.405331366     -0.336455456
-0.3970     -4.416473149     -0.337916630
-0.3960     -4.427662929     -0.339387562
-0.3950     -4.438901022     -0.340868339
-0.3940     -4.450187749     -0.342359048
-0.3930     -4.461523433     -0.343859778
-0.3920     -4.472908397     -0.345370619
-0.3910     -4.484342972     -0.346891662
-0.3900     -4.495827487     -0.348422998
-0.3890     -4.507362278     -0.349964721
-0.3880     -4.518947680     -0.351516924
-0.3870     -4.530584035     -0.353079702
-0.3860     -4.542271685     -0.354653151
-0.3850     -4.554010977     -0.356237369
-0.3840     -4.565802260     -0.357832453
-0.3830     -4.577645886     -0.359438503
-0.3820     -4.589542210     -0.361055620
-0.3810     -4.601491593     -0.362683904
-0.3800     -4.613494395     -0.364323460
-0.3790     -4.625550983     -0.365974390
-0.3780     -4.637661724     -0.367636800
-0.3770     -4.649826991     -0.369310797
-0.3760     -4.662047159     -0.370996488
-0.3750     -4.674322607     -0.372693982
-0.3740     -4.686653718     -0.374403388
-0.3730     -4.699040876     -0.376124820
-0.3720     -4.711484473     -0.377858389
-0.3710     -4.723984900     -0.379604209
-0.3700     -4.736542553     -0.381362396
-0.3690     -4.749157835     -0.383133067
-0.3680     -4.761831148     -0.384916339
-0.3670     -4.774562899     -0.386712333
-0.3660     -4.787353502     -0.388521168
-0.3650     -4.800203371     -0.390342969
-0.3640     -4.813112925     -0.392177858
-0.3630     -4.826082588     -0.394025961
-0.3620     -4.839112786     -0.395887405
-0.3610     -4.852203952     -0.397762318
-0.3600     -4.865356521     -0.399650829
-0.3590     -4.878570931     -0.401553072
-0.3580     -4.891847627     -0.403469178
-0.3570     -4.905187056     -0.405399282
-0.3560     -4.918589671     -0.407343521
-0.3550     -4.932055927     -0.409302033
-0.3540     -4.945586287     -0.411274956
-0.3530     -4.959181215     -0.413262434
-0.3520     -4.972841181     -0.415264608
-0.3510     -4.986566659     -0.417281624
-0.3500     -5.000358128     -0.419313629
-0.3490     -5.014216072     -0.421360770
-0.3480     -5.028140978     -0.423423198
-0.3470     -5.042133341     -0.425501066
-0.3460     -5.056193657     -0.427594527
-0.3450     -5.070322429     -0.429703737
-0.3440     -5.084520165     -0.431828855
-0.3430     -5.098787378     -0.433970040
-0.3420     -5.113124585     -0.436127454
-0.3410     -5.127532309     -0.438301262
-0.3400     -5.142011078     -0.440491629
-0.3390     -5.156561426     -0.442698724
-0.3380     -5.171183890     -0.444922716
-0.3370     -5.185879015     -0.447163778
-0.3360     -5.200647350     -0.449422086
-0.3350     -5.215489450     -0.451697815
-0.3340     -5.230405875     -0.453991146
-0.3330     -5.245397191     -0.456302259
-0.3320     -5.260463971     -0.458631338
-0.3310     -5.275606792     -0.460978570
-0.3300     -5.290826237     -0.463344143
-0.3290     -5.306122895     -0.465728248
-0.3280     -5.321497363     -0.468131080
-0.3270     -5.336950242     -0.470552833
-0.3260     -5.352482139     -0.472993706
-0.3250     -5.368093669     -0.475453902
-0.3240     -5.383785451     -0.477933623
-0.3230     -5.399558112     -0.480433076
-0.3220     -5.415412286     -0.482952472
-0.3210     -5.431348612     -0.485492021
-0.3200     -5.447367736     -0.488051938
-0.3190     -5.463470312     -0.490632443
-0.3180     -5.479657001     -0.493233754
-0.3170     -5.495928467     -0.495856097
-0.3160     -5.512285386     -0.498499697
-0.3150     -5.528728439     -0.501164784
-0.3140     -5.545258314     -0.503851592
-0.3130     -5.561875706     -0.506560356
-0.3120     -5.578581318     -0.509291316
-0.3110     -5.595375861     -0.512044713
-0.3100     -5.612260052     -0.514820794
-0.3090     -5.629234618     -0.517619808
-0.3080     -5.646300291     -0.520442007
-0.3070     -5.663457814     -0.523287648
-0.3060     -5.680707935     -0.526156989
-0.3050     -5.698051411     -0.529050295
-0.3040     -5.715489009     -0.531967832
-0.3030     -5.733021503     -0.534909871
-0.3020     -5.750649675     -0.537876686
-0.3010     -5.768374315     -0.540868554
-0.3000     -5.786196224     -0.543885759
-0.2990     -5.804116209     -0.546928586
-0.2980     -5.822135089     -0.549997325
-0.2970     -5.840253690     -0.553092271
-0.2960     -5.858472847     -0.556213722
-0.2950     -5.876793404     -0.559361980
-0.2940     -5.895216217     -0.562537353
-0.2930     -5.913742148     -0.565740151
-0.2920     -5.932372072     -0.568970691
-0.2910     -5.951106871     -0.572229293
-0.2900     -5.969947439     -0.575516282
-0.2890     -5.988894678     -0.578831987
-0.2880     -6.007949503     -0.582176743
-0.2870     -6.027112836     -0.585550890
-0.2860     -6.046385613     -0.588954771
-0.2850     -6.065768778     -0.592388736
-0.2840     -6.085263287     -0.595853139
-0.2830     -6.104870106     -0.599348341
-0.2820     -6.124590215     -0.602874706
-0.2810     -6.144424600     -0.606432604
-0.2800     -6.164374264     -0.610022412
-0.2790     -6.184440219     -0.613644511
-0.2780     -6.204623487     -0.617299288
-0.2770     -6.224925106     -0.620987136
-0.2760     -6.245346123     -0.624708455
-0.2750     -6.265887598     -0.628463648
-0.2740     -6.286550604     -0.632253128
-0.2730     -6.307336227     -0.636077311
-0.2720     -6.328245564     -0.639936622
-0.2710     -6.349279728     -0.643831490
-0.2700     -6.370439841     -0.647762352
-0.2690     -6.391727043     -0.651729651
-0.2680     -6.413142484     -0.655733838
-0.2670     -6.434687329     -0.659775370
-0.2660     -6.456362759     -0.663854711
-0.2650     -6.478169967     -0.667972333
-0.2640     -6.500110159     -0.672128714
-0.2630     -6.522184560     -0.676324342
-0.2620     -6.544394406     -0.680559709
-0.2610     -6.566740950     -0.684835318
-0.2600     -6.589225460     -0.689151678
-0.2590     -6.611849218     -0.693509308
-0.2580     -6.634613526     -0.697908732
-0.2570     -6.657519696     -0.702350486
-0.2560     -6.680569062     -0.706835112
-0.2550     -6.703762970     -0.711363161
-0.2540     -6.727102786     -0.715935196
-0.2530     -6.750589892     -0.720551783
-0.2520     -6.774225687     -0.725213504
-0.2510     -6.798011587     -0.729920944
-0.2500     -6.821949027     -0.734674704
-0.2490     -6.846039460     -0.739475388
-0.2480     -6.870284356     -0.744323616
-0.2470     -6.894685206     -0.749220015
-0.2460     -6.919243518     -0.754165222
-0.2450     -6.943960820     -0.759159886
-0.2440     -6.968838660     -0.764204666
-0.2430     -6.993878605     -0.769300233
-0.2420     -7.019082244     -0.774447268
-0.2410     -7.044451184     -0.779646463
-0.2400     -7.069987054     -0.784898524
-0.2390     -7.095691505     -0.790204166
-0.2380     -7.121566209     -0.795564118
-0.2370     -7.147612860     -0.800979122
-0.2360     -7.173833173     -0.806449930
-0.2350     -7.200228887     -0.811977309
-0.2340     -7.226801765     -0.817562038
-0.2330     -7.253553590     -0.823204911
-0.2320     -7.280486172     -0.828906734
-0.2310     -7.307601343     -0.834668329
-0.2300     -7.334900961     -0.840490529
-0.2290     -7.362386908     -0.846374184
-0.2280     -7.390061092     -0.852320159
-0.2270     -7.417925446     -0.858329334
-0.2260     -7.445981930     -0.864402603
-0.2250     -7.474232530     -0.870540878
-0.2240     -7.502679259     -0.876745085
-0.2230     -7.531324159     -0.883016169
-0.2220     -7.560169297     -0.889355089
-0.2210     -7.589216771     -0.895762824
-0.2200     -7.618468708     -0.902240369
-0.2190     -7.647927264     -0.908788737
-0.2180     -7.677594623     -0.915408960
-0.2170     -7.707473002     -0.922102088
-0.2160     -7.737564648     -0.928869192
-0.2150     -7.767871840     -0.935711360
-0.2140     -7.798396888     -0.942629701
-0.2130     -7.829142137     -0.949625347
-0.2120     -7.860109961     -0.956699446
-0.2110     -7.891302772     -0.963853172
-0.2100     -7.922723014     -0.971087718
-0.2090     -7.954373167     -0.978404301
-0.2080     -7.986255747     -0.985804160
-0.2070     -8.018373303     -0.993288558
-0.2060     -8.050728425     -1.000858781
-0.2050     -8.083323739     -1.008516139
-0.2040     -8.116161908     -1.016261970
-0.2030     -8.149245634     -1.024097635
-0.2020     -8.182577662     -1.032024520
-0.2010     -8.216160772     -1.040044041
-0.2000     -8.249997789     -1.048157640
-0.1990     -8.284091578     -1.056366787
-0.1980     -8.318445046     -1.064672980
-0.1970     -8.353061146     -1.073077746
-0.1960     -8.387942871     -1.081582645
-0.1950     -8.423093262     -1.090189264
-0.1940     -8.458515405     -1.098899224
-0.1930     -8.494212431     -1.107714178
-0.1920     -8.530187521     -1.116635810
-0.1910     -8.566443902     -1.125665839
-0.1900     -8.602984852     -1.134806020
-0.1890     -8.639813697     -1.144058142
-0.1880     -8.676933815     -1.153424030
-0.1870     -8.714348637     -1.162905546
-0.1860     -8.752061646     -1.172504592
-0.1850     -8.790076379     -1.182223106
-0.1840     -8.828396428     -1.192063069
-0.1830     -8.867025440     -1.202026501
-0.1820     -8.905967122     -1.212115464
-0.1810     -8.945225237     -1.222332064
-0.1800     -8.984803607     -1.232678451
-0.1790     -9.024706116     -1.243156819
-0.1780     -9.064936708     -1.253769409
-0.1770     -9.105499391     -1.264518510
-0.1760     -9.146398237     -1.275406458
-0.1750     -9.187637382     -1.286435642
-0.1740     -9.229221031     -1.297608499
-0.1730     -9.271153454     -1.308927520
-0.1720     -9.313438993     -1.320395251
-0.1710     -9.356082059     -1.332014290
-0.1700     -9.399087134     -1.343787295
-0.1690     -9.442458776     -1.355716980
-0.1680     -9.486201616     -1.367806121
-0.1670     -9.530320362     -1.380057552
-0.1660     -9.574819799     -1.392474173
-0.1650     -9.619704794     -1.405058947
-0.1640     -9.664980292     -1.417814904
-0.1630     -9.710651323     -1.430745142
-0.1620     -9.756723000     -1.443852828
-0.1610     -9.803200522     -1.457141201
-0.1600     -9.850089178     -1.470613575
-0.1590     -9.897394344     -1.484273339
-0.1580     -9.945121489     -1.498123959
-0.1570     -9.993276175     -1.512168981
-0.1560    -10.041864060     -1.526412036
-0.1550    -10.090890899     -1.540856836
-0.1540    -10.140362546     -1.555507181
-0.1530    -10.190284956     -1.570366960
-0.1520    -10.240664188     -1.585440155
-0.1510    -10.291506408     -1.600730841
-0.1500    -10.342817889     -1.616243190
-0.1490    -10.394605012     -1.631981473
-0.1480    -10.446874275     -1.647950067
-0.1470    -10.499632287     -1.664153450
-0.1460    -10.552885776     -1.680596211
-0.1450    -10.606641591     -1.697283052
-0.1440    -10.660906702     -1.714218786
-0.1430    -10.715688203     -1.731408349
-0.1420    -10.770993319     -1.748856796
-0.1410    -10.826829404     -1.766569307
-0.1400    -10.883203943     -1.784551193
-0.1390    -10.940124562     -1.802807897
-0.1380    -10.997599022     -1.821344999
-0.1370    -11.055635229     -1.840168220
-0.1360    -11.114241233     -1.859283426
-0.1350    -11.173425232     -1.878696633
-0.1340    -11.233195579     -1.898414013
-0.1330    -11.293560779     -1.918441893
-0.1320    -11.354529496     -1.938786769
-0.1310    -11.416110558     -1.959455302
-0.1300    -11.478312957     -1.980454328
-0.1290    -11.541145855     -2.001790865
-0.1280    -11.604618587     -2.023472113
-0.1270    -11.668740665     -2.045505466
-0.1260    -11.733521784     -2.067898514
-0.1250    -11.798971821     -2.090659049
-0.1240    -11.865100844     -2.113795076
-0.1230    -11.931919114     -2.137314814
-0.1220    -11.999437091     -2.161226708
-0.1210    -12.067665436     -2.185539433
-0.1200    -12.136615017     -2.210261902
-0.1190    -12.206296915     -2.235403275
-0.1180    -12.276722425     -2.260972966
-0.1170    -12.347903067     -2.286980654
-0.1160    -12.419850584     -2.313436286
-0.1150    -12.492576953     -2.340350093
-0.1140    -12.566094385     -2.367732595
-0.1130    -12.640415337     -2.395594612
-0.1120    -12.715552510     -2.423947273
-0.1110    -12.791518862     -2.452802031
-0.1100    -12.868327609     -2.482170667
-0.1090    -12.945992230     -2.512065309
-0.1080    -13.024526478     -2.542498437
-0.1070    -13.103944383     -2.573482900
-0.1060    -13.184260258     -2.605031927
-0.1050    -13.265488708     -2.637159142
-0.1040    -13.347644633     -2.669878575
-0.1030    -13.430743237     -2.703204679
-0.1020    -13.514800038     -2.737152345
-0.1010    -13.599830867     -2.771736917
-0.1000    -13.685851884     -2.806974208
-0.0990    -13.772879579     -2.842880518
-0.0980    -13.860930784     -2.879472650
-0.0970    -13.950022677     -2.916767933
-0.0960    -14.040172793     -2.954784235
-0.0950    -14.131399029     -2.993539989
-0.0940    -14.223719655     -3.033054210
-0.0930    -14.317153322     -3.073346518
-0.0920    -14.411719067     -3.114437163
-0.0910    -14.507436327     -3.156347045
-0.0900    -14.604324943     -3.199097742
-0.0890    -14.702405170     -3.242711536
-0.0880    -14.801697691     -3.287211437
-0.0870    -14.902223617     -3.332621214
-0.0860    -15.004004504     -3.378965426
-0.0850    -15.107062360     -3.426269449
-0.0840    -15.211419652     -3.474559510
-0.0830    -15.317099322     -3.523862724
-0.0820    -15.424124787     -3.574207122
-0.0810    -15.532519959     -3.625621696
-0.0800    -15.642309248     -3.678136434
-0.0790    -15.753517573     -3.731782358
-0.0780    -15.866170376     -3.786591571
-0.0770    -15.980293626     -3.842597297
-0.0760    -16.095913832     -3.899833933
-0.0750    -16.213058054     -3.958337091
-0.0740    -16.331753909     -4.018143652
-0.0730    -16.452029586     -4.079291821
-0.0720    -16.573913848     -4.141821179
-0.0710    -16.697436049     -4.205772746
-0.0700    -16.822626139     -4.271189037
-0.0690    -16.949514671     -4.338114130
-0.0680    -17.078132814     -4.406593736
-0.0670    -17.208512359     -4.476675261
-0.0660    -17.340685724     -4.548407890
-0.0650    -17.474685965     -4.621842660
-0.0640    -17.610546779     -4.697032540
-0.0630    -17.748302512     -4.774032523
-0.0620    -17.887988162     -4.852899711
-0.0610    -18.029639384     -4.933693411
-0.0600    -18.173292490     -5.016475238
-0.0590    -18.318984455     -5.101309213
-0.0580    -18.466752912     -5.188261880
-0.0570    -18.616636154     -5.277402418
-0.0560    -18.768673130     -5.368802763
-0.0550    -18.922903437     -5.462537736
-0.0540    -19.079367317     -5.558685180
-0.0530    -19.238105643     -5.657326096
-0.0520    -19.399159909     -5.758544800
-0.0510    -19.562572214     -5.862429073
-0.0500    -19.728385240     -5.969070330
-0.0490    -19.896642235     -6.078563792
-0.0480    -20.067386980     -6.191008670
-0.0470    -20.240663760     -6.306508361
-0.0460    -20.416517329     -6.425170644
-0.0450    -20.594992865     -6.547107901
-0.0440    -20.776135921     -6.672437340
-0.0430    -20.959992374     -6.801281232
-0.0420    -21.146608354     -6.933767162
-0.0410    -21.336030181     -7.070028294
-0.0400    -21.528304277     -7.210203650
-0.0390    -21.723477078     -7.354438398
-0.0380    -21.921594931     -7.502884170
-0.0370    -22.122703976     -7.655699380
-0.0360    -22.326850021     -7.813049570
-0.0350    -22.534078390     -7.975107774
-0.0340    -22.744433770     -8.142054895
-0.0330    -22.957960024     -8.314080111
-0.0320    -23.174699992     -8.491381297
-0.0310    -23.394695265     -8.674165467
-0.0300    -23.617985940     -8.862649249
-0.0290    -23.844610337     -9.057059374
-0.0280    -24.074604698     -9.257633198
-0.0270    -24.308002839     -9.464619249
-0.0260    -24.544835777     -9.678277798
-0.0250    -24.785131304     -9.898881465
-0.0240    -25.028913530    -10.126715852
-0.0230    -25.276202362    -10.362080205
-0.0220    -25.527012935    -10.605288112
-0.0210    -25.781354982    -10.856668230
-0.0200    -26.039232140    -11.116565048
-0.0190    -26.300641174    -11.385339678
-0.0180    -26.565571125    -11.663370687
-0.0170    -26.834002375    -11.951054960
-0.0160    -27.105905600    -12.248808591
-0.0150    -27.381240625    -12.557067812
-0.0140    -27.659955160    -12.876289949
-0.0130    -27.941983395    -13.206954410
-0.0120    -28.227244465    -13.549563692
-0.0110    -28.515640747    -13.904644413
-0.0100    -28.807055984    -14.272748363
-0.0090    -29.101353226    -14.654453556
-0.0080    -29.398372551    -15.050365288
-0.0070    -29.697928568    -15.461117193
-0.0060    -29.999807662    -15.887372262
-0.0050    -30.303764969    -16.329823842
-0.0040    -30.609521054    -16.789196569
-0.0030    -30.916758262    -17.266247238
-0.0020    -31.225116718    -17.761765559
-0.0010    -31.534189944    -18.276574789
 0.0000    -31.843520064    -18.811532198
 0.0010    -32.152592563    -19.367529320
 0.0020    -32.460830563    -19.945491951
 0.0030    -32.767588599    -20.546379822
 0.0040    -33.072145837    -21.171185896
 0.0050    -33.373698725    -21.820935195
 0.0060    -33.671353038    -22.496683078
 0.0070    -33.964115290    -23.199512860
 0.0080    -34.250883500    -23.930532656
 0.0090    -34.530437294    -24.690871310
 0.0100    -34.801427355    -25.481673262
 0.0110    -35.062364212    -26.304092173
 0.0120    -35.311606437    -27.159283116
 0.0130    -35.547348264    -28.048393118
 0.0140    -35.767606761    -28.972549810
 0.0150    -35.970208641    -29.932847931
 0.0160    -36.152776909    -30.930333403
 0.0170    -36.312717553    -31.965984675
 0.0180    -36.447206578    -33.040691029
 0.0190    -36.553177736    -34.155227527
 0.0200    -36.627311428    -35.310226295
 0.0210    -36.666025308    -36.506143836
 0.0220    -36.665467284    -37.743224123
 0.0230    -36.621511693    -39.021457271
 0.0240    -36.529759598    -40.340533670
 0.0250    -36.385544262    -41.699793608
 0.0260    -36.183943013    -43.098172556
 0.0270    -35.919796853    -44.534142511
 0.0280    -35.587739227    -46.005650084
 0.0290    -35.182235491    -47.510052328
 0.0300    -34.697634602    -49.044051704
 0.0310    -34.128234489    -50.603632044
 0.0320    -33.468362399    -52.183997863
 0.0330    -32.712471234    -53.779519883
 0.0340    -31.855252379    -55.383690219
 0.0350    -30.891764963    -56.989091098
 0.0360    -29.817580573    -58.587381448
 0.0370    -28.628941498    -60.169305911
 0.0380    -27.322929292    -61.724730853
 0.0390    -25.897639160    -63.242711666
 0.0400    -24.352354258    -64.711594991
 0.0410    -22.687712624    -66.119158359
 0.0420    -20.905858311    -67.452788229
 0.0430    -19.010567477    -68.699695322
 0.0440    -17.007339845    -69.847163825
 0.0450    -14.903446331    -70.882828355
 0.0460    -12.707924751    -71.794969938
 0.0470    -10.431517505    -72.572819818
 0.0480     -8.086547880    -73.206857912
 0.0490     -5.686735025    -73.689091627
 0.0500     -3.246951487    -74.013300498
 0.0510     -0.782931032    -74.175233147
 0.0520      1.689061896    -74.172745142
 0.0530      4.152586903    -74.005869531
 0.0540      6.591390457    -73.676815748
 0.0550      8.989760116    -73.189896965
 0.0560     11.332854107    -72.551390308
 0.0570     13.606992150    -71.769338281
 0.0580     15.799896284    -70.853302884
 0.0590     17.900874080    -69.814085997
 0.0600     19.900940460    -68.663430550
 0.0610     21.792878205    -67.413716771
 0.0620     23.571240570    -66.077666625
 0.0630     25.232302215    -64.668067575
 0.0640     26.773966553    -63.197524327
 0.0650     28.195638771    -61.678244578
 0.0660     29.498074083    -60.121862143
 0.0670     30.683210457    -58.539298453
 0.0680     31.753994219    -56.940661445
 0.0690     32.714205756    -55.335179249
 0.0700     33.568291208    -53.731165069
 0.0710     34.321204597    -52.136008906
 0.0720     34.978263548    -50.556191583
 0.0730     35.545020523    -48.997316484
 0.0740     36.027150487    -47.464154732
 0.0750     36.430355070    -45.960699881
 0.0760     36.760282684    -44.490228759
 0.0770     37.022463590    -43.055365560
 0.0780     37.222258595    -41.658146878
 0.0790     37.364819936    -40.300085830
 0.0800     37.455062799    -38.982233882
 0.0810     37.497645975    -37.705239395
 0.0820     37.496960201    -36.469402213
 0.0830     37.457122860    -35.274723910
 0.0840     37.381977827    -34.120953510
 0.0850     37.275099396    -33.007628692
 0.0860     37.139799371    -31.934112554
 0.0870     36.979136513    -30.899626184
 0.0880     36.795927692    -29.903277260
 0.0890     36.592760173    -28.944084993
 0.0900     36.372004605    -28.021001730
 0.0910     36.135828333    -27.132931518
 0.0920     35.886208748    -26.278745952
 0.0930     35.624946466    -25.457297608
 0.0940     35.353678151    -24.667431326
 0.0950     35.073888870    -23.907993617
 0.0960     34.786923888    -23.177840425
 0.0970     34.493999852    -22.475843461
 0.0980     34.196215326    -21.800895307
 0.0990     33.894560666    -21.151913448
 0.1000     33.589927239    -20.527843410
 0.1010     33.283115983    -19.927661117
 0.1020     32.974845353    -19.350374596
 0.1030     32.665758648    -18.795025130
 0.1040     32.356430773    -18.260687956
 0.1050     32.047374451    -17.746472577
 0.1060     31.739045933    -17.251522753
 0.1070     31.431850222    -16.775016248
 0.1080     31.126145856    -16.316164355
 0.1090     30.822249278    -15.874211264
 0.1100     30.520438828    -15.448433296
 0.1110     30.220958380    -15.038138033
 0.1120     29.924020653    -14.642663386
 0.1130     29.629810231    -14.261376594
 0.1140     29.338486306    -13.893673197
 0.1150     29.050185172    -13.538975990
 0.1160     28.765022494    -13.196733958
 0.1170     28.483095361    -12.866421227
 0.1180     28.204484162    -12.547536012
 0.1190     27.929254275    -12.239599586
 0.1200     27.657457605    -11.942155274
 0.1210     27.389133981    -11.654767467
 0.1220     27.124312418    -11.377020663
 0.1230     26.863012259    -11.108518545
 0.1240     26.605244215    -10.848883084
 0.1250     26.351011301    -10.597753682
 0.1260     26.100309687    -10.354786339
 0.1270     25.853129466    -10.119652865
 0.1280     25.609455350     -9.892040115
 0.1290     25.369267295     -9.671649266
 0.1300     25.132541077     -9.458195116
 0.1310     24.899248797     -9.251405428
 0.1320     24.669359348     -9.051020293
 0.1330     24.442838835     -8.856791531
 0.1340     24.219650951     -8.668482112
 0.1350     23.999757314     -8.485865619
 0.1360     23.783117781     -8.308725722
 0.1370     23.569690719     -8.136855687
 0.1380     23.359433253     -7.970057910
 0.1390     23.152301493     -7.808143470
 0.1400     22.948250731     -7.650931706
 0.1410     22.747235625     -7.498249815
 0.1420     22.549210356     -7.349932477
 0.1430     22.354128774     -7.205821485
 0.1440     22.161944529     -7.065765411
 0.1450     21.972611185     -6.929619273
 0.1460     21.786082320     -6.797244233
 0.1470     21.602311620     -6.668507299
 0.1480     21.421252960     -6.543281048
 0.1490     21.242860474     -6.421443368
 0.1500     21.067088617     -6.302877198
 0.1510     20.893892225     -6.187470301
 0.1520     20.723226558     -6.075115030
 0.1530     20.555047344     -5.965708120
 0.1540     20.389310818     -5.859150483
 0.1550     20.225973751     -5.755347014
 0.1560     20.064993475     -5.654206412
 0.1570     19.906327911     -5.555641001
 0.1580     19.749935583     -5.459566569
 0.1590     19.595775636     -5.365902212
 0.1600     19.443807850     -5.274570180
 0.1610     19.293992645     -5.185495742
 0.1620     19.146291092     -5.098607045
 0.1630     19.000664919     -5.013834993
 0.1640     18.857076511     -4.931113121
 0.1650     18.715488916     -4.850377479
 0.1660     18.575865839     -4.771566526
 0.1670     18.438171647     -4.694621022
 0.1680     18.302371360     -4.619483929
 0.1690     18.168430652     -4.546100318
 0.1700     18.036315847     -4.474417279
 0.1710     17.905993907     -4.404383832
 0.1720     17.777432432     -4.335950848
 0.1730     17.650599652     -4.269070970
 0.1740     17.525464417     -4.203698541
 0.1750     17.401996190     -4.139789529
 0.1760     17.280165041     -4.077301466
 0.1770     17.159941633     -4.016193376
 0.1780     17.041297221     -3.956425720
 0.1790     16.924203633     -3.897960335
 0.1800     16.808633269     -3.840760378
 0.1810     16.694559087     -3.784790274
 0.1820     16.581954593     -3.730015663
 0.1830     16.470793834     -3.676403356
 0.1840     16.361051385     -3.623921283
 0.1850     16.252702342     -3.572538452
 0.1860     16.145722309     -3.522224908
 0.1870     16.040087392     -3.472951688
 0.1880     15.935774185     -3.424690788
 0.1890     15.832759763     -3.377415122
 0.1900     15.731021672     -3.331098488
 0.1910     15.630537919     -3.285715535
 0.1920     15.531286960     -3.241241729
 0.1930     15.433247697     -3.197653325
 0.1940     15.336399462     -3.154927333
 0.1950     15.240722011     -3.113041495
 0.1960     15.146195515     -3.071974254
 0.1970     15.052800550     -3.031704727
 0.1980     14.960518091     -2.992212687
 0.1990     14.869329498     -2.953478530
 0.2000     14.779216514     -2.915483260
 0.2010     14.690161251     -2.878208462
 0.2020     14.602146185     -2.841636283
 0.2030     14.515154150     -2.805749411
 0.2040     14.429168323     -2.770531059
 0.2050     14.344172225     -2.735964941
 0.2060     14.260149706     -2.702035258
 0.2070     14.177084944     -2.668726681
 0.2080     14.094962431     -2.636024332
 0.2090     14.013766973     -2.603913772
 0.2100     13.933483677     -2.572380982
 0.2110     13.854097949     -2.541412351
 0.2120     13.775595484     -2.510994661
 0.2130     13.697962260     -2.481115075
 0.2140     13.621184533     -2.451761123
 0.2150     13.545248831     -2.422920689
 0.2160     13.470141946     -2.394582000
 0.2170     13.395850930     -2.366733615
 0.2180     13.322363087     -2.339364414
 0.2190     13.249665969     -2.312463585
 0.2200     13.177747370     -2.286020618
 0.2210     13.106595323     -2.260025291
 0.2220     13.036198090     -2.234467663
 0.2230     12.966544159     -2.209338066
 0.2240     12.897622240     -2.184627092
 0.2250     12.829421260     -2.160325590
 0.2260     12.761930357     -2.136424653
 0.2270     12.695138875     -2.112915613
 0.2280     12.629036362     -2.089790033
 0.2290     12.563612561     -2.067039700
 0.2300     12.498857411     -2.044656616
 0.2310     12.434761040     -2.022632994
 0.2320     12.371313759     -2.000961250
 0.2330     12.308506061     -1.979633998
 0.2340     12.246328617     -1.958644041
 0.2350     12.184772270     -1.937984369
 0.2360     12.123828032     -1.917648149
 0.2370     12.063487081     -1.897628726
 0.2380     12.003740758     -1.877919611
 0.2390     11.944580561     -1.858514479
 0.2400     11.885998145     -1.839407164
 0.2410     11.827985313     -1.820591655
 0.2420     11.770534021     -1.802062090
 0.2430     11.713636369     -1.783812752
 0.2440     11.657284596     -1.765838065
 0.2450     11.601471085     -1.748132591
 0.2460     11.546188352     -1.730691023
 0.2470     11.491429046     -1.713508183
 0.2480     11.437185950     -1.696579021
 0.2490     11.383451971     -1.679898606
 0.2500     11.330220143     -1.663462126
 0.2510     11.277483620     -1.647264885
 0.2520     11.225235680     -1.631302295
 0.2530     11.173469715     -1.615569882
 0.2540     11.122179233     -1.600063273
 0.2550     11.071357853     -1.584778200
 0.2560     11.020999308     -1.569710492
 0.2570     10.971097434     -1.554856078
 0.2580     10.921646176     -1.540210980
 0.2590     10.872639581     -1.525771310
 0.2600     10.824071799     -1.511533272
 0.2610     10.775937077     -1.497493155
 0.2620     10.728229761     -1.483647332
 0.2630     10.680944292     -1.469992260
 0.2640     10.634075203     -1.456524474
 0.2650     10.587617121     -1.443240586
 0.2660     10.541564759     -1.430137288
 0.2670     10.495912922     -1.417211340
 0.2680     10.450656499     -1.404459578
 0.2690     10.405790462     -1.391878907
 0.2700     10.361309868     -1.379466297
 0.2710     10.317209854     -1.367218789
 0.2720     10.273485637     -1.355133485
 0.2730     10.230132511     -1.343207551
 0.2740     10.187145847     -1.331438215
 0.2750     10.144521090     -1.319822763
 0.2760     10.102253760     -1.308358540
 0.2770     10.060339447     -1.297042949
 0.2780     10.018773812     -1.285873445
 0.2790      9.977552587     -1.274847540
 0.2800      9.936671570     -1.263962797
 0.2810      9.896126626     -1.253216831
 0.2820      9.855913684     -1.242607305
 0.2830      9.816028741     -1.232131933
 0.2840      9.776467851     -1.221788474
 0.2850      9.737227135     -1.211574737
 0.2860      9.698302771     -1.201488572
 0.2870      9.659690998     -1.191527875
 0.2880      9.621388112     -1.181690585
 0.2890      9.583390467     -1.171974683
 0.2900      9.545694472     -1.162378191
 0.2910      9.508296592     -1.152899169
 0.2920      9.471193345     -1.143535719
 0.2930      9.434381304     -1.134285979
 0.2940      9.397857091     -1.125148125
 0.2950      9.361617380     -1.116120369
 0.2960      9.325658897     -1.107200958
 0.2970      9.289978415     -1.098388174
 0.2980      9.254572755     -1.089680332
 0.2990      9.219438787     -1.081075781
 0.3000      9.184573427     -1.072572903
 0.3010      9.149973636     -1.064170108
 0.3020      9.115636421     -1.055865841
 0.3030      9.081558830     -1.047658574
 0.3040      9.047737959     -1.039546810
 0.3050      9.014170943     -1.031529078
 0.3060      8.980854959     -1.023603940
 0.3070      8.947787227     -1.015769980
 0.3080      8.914965005     -1.008025811
 0.3090      8.882385591     -1.000370074
 0.3100      8.850046323     -0.992801433
 0.3110      8.817944577     -0.985318577
 0.3120      8.786077764     -0.977920221
 0.3130      8.754443336     -0.970605103
 0.3140      8.723038777     -0.963371984
 0.3150      8.691861610     -0.956219649
 0.3160      8.660909390     -0.949146905
 0.3170      8.630179708     -0.942152579
 0.3180      8.599670190     -0.935235522
 0.3190      8.569378492     -0.928394605
 0.3200      8.539302305     -0.921628719
 0.3210      8.509439351     -0.914936775
 0.3220      8.479787384     -0.908317704
 0.3230      8.450344189     -0.901770457
 0.3240      8.421107581     -0.895294002
 0.3250      8.392075405     -0.888887325
 0.3260      8.363245537     -0.882549434
 0.3270      8.334615879     -0.876279349
 0.3280      8.306184363     -0.870076112
 0.3290      8.277948950     -0.863938779
 0.3300      8.249907627     -0.857866423
 0.3310      8.222058409     -0.851858134
 0.3320      8.194399337     -0.845913018
 0.3330      8.166928478     -0.840030194
 0.3340      8.139643925     -0.834208800
 0.3350      8.112543797     -0.828447986
 0.3360      8.085626238     -0.822746918
 0.3370      8.058889415     -0.817104775
 0.3380      8.032331520     -0.811520751
 0.3390      8.005950769     -0.805994054
 0.3400      7.979745401     -0.800523904
 0.3410      7.953713678     -0.795109535
 0.3420      7.927853885     -0.789750195
 0.3430      7.902164329     -0.784445142
 0.3440      7.876643337     -0.779193648
 0.3450      7.851289262     -0.773994998
 0.3460      7.826100474     -0.768848487
 0.3470      7.801075365     -0.763753424
 0.3480      7.776212348     -0.758709126
 0.3490      7.751509857     -0.753714923
 0.3500      7.726966345     -0.748770158
 0.3510      7.702580283     -0.743874181
 0.3520      7.678350165     -0.739026356
 0.3530      7.654274500     -0.734226055
 0.3540      7.630351818     -0.729472660
 0.3550      7.606580668     -0.724765566
 0.3560      7.582959615     -0.720104173
 0.3570      7.559487243     -0.715487895
 0.3580      7.536162153     -0.710916154
 0.3590      7.512982964     -0.706388379
 0.3600      7.489948312     -0.701904011
 0.3610      7.467056849     -0.697462498
 0.3620      7.444307245     -0.693063298
 0.3630      7.421698185     -0.688705876
 0.3640      7.399228369     -0.684389708
 0.3650      7.376896516     -0.680114275
 0.3660      7.354701357     -0.675879068
 0.3670      7.332641641     -0.671683585
 0.3680      7.310716131     -0.667527334
 0.3690      7.288923604     -0.663409827
 0.3700      7.267262854     -0.659330586
 0.3710      7.245732686     -0.655289140
 0.3720      7.224331923     -0.651285024
 0.3730      7.203059400     -0.647317782
 0.3740      7.181913965     -0.643386964
 0.3750      7.160894481     -0.639492126
 0.3760      7.139999824     -0.635632832
 0.3770      7.119228884     -0.631808652
 0.3780      7.098580562     -0.628019163
 0.3790      7.078053773     -0.624263947
 0.3800      7.057647446     -0.620542593
 0.3810      7.037360520     -0.616854697
 0.3820      7.017191947     -0.613199860
 0.3830      6.997140693     -0.609577688
 0.3840      6.977205734     -0.605987796
 0.3850      6.957386058     -0.602429802
 0.3860      6.937680664     -0.598903329
 0.3870      6.918088565     -0.595408008
 0.3880      6.898608781     -0.591943474
 0.3890      6.879240348     -0.588509367
 0.3900      6.859982310     -0.585105333
 0.3910      6.840833722     -0.581731023
 0.3920      6.821793649     -0.578386093
 0.3930      6.802861170     -0.575070203
 0.3940      6.784035370     -0.571783019
 0.3950      6.765315347     -0.568524212
 0.3960      6.746700207     -0.565293456
 0.3970      6.728189068     -0.562090433
 0.3980      6.709781058     -0.558914825
 0.3990      6.691475311     -0.555766321
 0.4000      6.673270976     -0.552644616
 0.4010      6.655167206     -0.549549406
 0.4020      6.637163167     -0.546480393
 0.4030      6.619258033     -0.543437283
 0.4040      6.601450987     -0.540419786
 0.4050      6.583741220     -0.537427617
 0.4060      6.566127933     -0.534460493
 0.4070      6.548610336     -0.531518136
 0.4080      6.531187647     -0.528600272
 0.4090      6.513859091     -0.525706630
 0.4100      6.496623903     -0.522836945
 0.4110      6.479481326     -0.519990952
 0.4120      6.462430612     -0.517168392
 0.4130      6.445471018     -0.514369010
 0.4140      6.428601812     -0.511592552
 0.4150      6.411822268     -0.508838771
 0.4160      6.395131669     -0.506107419
 0.4170      6.378529304     -0.503398255
 0.4180      6.362014471     -0.500711040
 0.4190      6.345586475     -0.498045538
 0.4200      6.329244626     -0.495401515
 0.4210      6.312988246     -0.492778743
 0.4220      6.296816660     -0.490176995
 0.4230      6.280729201     -0.487596046
 0.4240      6.264725209     -0.485035678
 0.4250      6.248804032     -0.482495671
 0.4260      6.232965024     -0.479975811
 0.4270      6.217207544     -0.477475886
 0.4280      6.201530961     -0.474995686
 0.4290      6.185934647     -0.472535006
 0.4300      6.170417982     -0.470093641
 0.4310      6.154980353     -0.467671390
 0.4320      6.139621152     -0.465268054
 0.4330      6.124339778     -0.462883438
 0.4340      6.109135636     -0.460517348
 0.4350      6.094008136     -0.458169593
 0.4360      6.078956695     -0.455839985
 0.4370      6.063980736     -0.453528337
 0.4380      6.049079687     -0.451234465
 0.4390      6.034252982     -0.448958189
 0.4400      6.019500061     -0.446699328
 0.4410      6.004820369     -0.444457707
 0.4420      5.990213358     -0.442233151
 0.4430      5.975678482     -0.440025486
 0.4440      5.961215205     -0.437834544
 0.4450      5.946822993     -0.435660155
 0.4460      5.932501317     -0.433502155
 0.4470      5.918249657     -0.431360378
 0.4480      5.904067493     -0.429234663
 0.4490      5.889954313     -0.427124850
 0.4500      5.875909611     -0.425030782
 0.4510      5.861932884     -0.422952301
 0.4520      5.848023633     -0.420889255
 0.4530      5.834181366     -0.418841492
 0.4540      5.820405595     -0.416808860
 0.4550      5.806695837     -0.414791211
 0.4560      5.793051613     -0.412788399
 0.4570      5.779472449     -0.410800279
 0.4580      5.765957875     -0.408826708
 0.4590      5.752507425     -0.406867545
 0.4600      5.739120641     -0.404922650
 0.4610      5.725797064     -0.402991884
 0.4620      5.712536243     -0.401075113
 0.4630      5.699337731     -0.399172200
 0.4640      5.686201083     -0.397283014
 0.4650      5.673125861     -0.395407422
 0.4660      5.660111629     -0.393545295
 0.4670      5.647157956     -0.391696504
 0.4680      5.634264416     -0.389860923
 0.4690      5.621430584     -0.388038426
 0.4700      5.608656043     -0.386228890
 0.4710      5.595940375     -0.384432192
 0.4720      5.583283171     -0.382648211
 0.4730      5.570684023     -0.380876827
 0.4740      5.558142526     -0.379117923
 0.4750      5.545658281     -0.377371382
 0.4760      5.533230890     -0.375637089
 0.4770      5.520859962     -0.373914929
 0.4780      5.508545107     -0.372204789
 0.4790      5.496285939     -0.370506559
 0.4800      5.484082076     -0.368820128
 0.4810      5.471933139     -0.367145387
 0.4820      5.459838753     -0.365482229
 0.4830      5.447798547     -0.363830547
 0.4840      5.435812150     -0.362190237
 0.4850      5.423879200     -0.360561194
 0.4860      5.411999333     -0.358943315
 0.4870      5.400172190     -0.357336499
 0.4880      5.388397417     -0.355740645
 0.4890      5.376674660     -0.354155655
 0.4900      5.365003571     -0.352581429
 0.4910      5.353383804     -0.351017871
 0.4920      5.341815016     -0.349464885
 0.4930      5.330296866     -0.347922376
 0.4940      5.318829017     -0.346390250
 0.4950      5.307411137     -0.344868414
 0.4960      5.296042893     -0.343356777
 0.4970      5.284723957     -0.341855247
 0.4980      5.273454004     -0.340363735
 0.4990      5.262232712     -0.338882152
 0.5000      5.251059761     -0.337410411
 0.5010      5.239934834     -0.335948424
 0.5020      5.228857617     -0.334496106
 0.5030      5.217827798     -0.333053371
 0.5040      5.206845070     -0.331620136
 0.5050      5.195909125     -0.330196318
 0.5060      5.185019661     -0.328781835
 0.5070      5.174176376     -0.327376605
 0.5080      5.163378972     -0.325980547
 0.5090      5.152627154     -0.324593583
 0.5100      5.141920629     -0.323215633
 0.5110      5.131259106     -0.321846621
 0.5120      5.120642296     -0.320486468
 0.5130      5.110069914     -0.319135099
 0.5140      5.099541676     -0.317792438
 0.5150      5.089057303     -0.316458411
 0.5160      5.078616514     -0.315132944
 0.5170      5.068219034     -0.313815964
 0.5180      5.057864589     -0.312507399
 0.5190      5.047552907     -0.311207177
 0.5200      5.037283720     -0.309915229
 0.5210      5.027056759     -0.308631483
 0.5220      5.016871760     -0.307355871
 0.5230      5.006728460     -0.306088325
 0.5240      4.996626599     -0.304828775
 0.5250      4.986565919     -0.303577157
 0.5260      4.976546163     -0.302333403
 0.5270      4.966567077     -0.301097447
 0.5280      4.956628409     -0.299869225
 0.5290      4.946729910     -0.298648672
 0.5300      4.936871330     -0.297435725
 0.5310      4.927052425     -0.296230320
 0.5320      4.917272951     -0.295032396
 0.5330      4.907532665     -0.293841891
 0.5340      4.897831328     -0.292658744
 0.5350      4.888168702     -0.291482894
 0.5360      4.878544551     -0.290314282
 0.5370      4.868958641     -0.289152848
 0.5380      4.859410738     -0.287998533
 0.5390      4.849900614     -0.286851281
 0.5400      4.840428040     -0.285711033
 0.5410      4.830992788     -0.284577733
 0.5420      4.821594634     -0.283451324
 0.5430      4.812233355     -0.282331750
 0.5440      4.802908729     -0.281218958
 0.5450      4.793620538     -0.280112891
 0.5460      4.784368563     -0.279013497
 0.5470      4.775152587     -0.277920721
 0.5480      4.765972398     -0.276834510
 0.5490      4.756827781     -0.275754813
 0.5500      4.747718527     -0.274681578
 0.5510      4.738644425     -0.273614752
 0.5520      4.729605269     -0.272554285
 0.5530      4.720600851     -0.271500127
 0.5540      4.711630967     -0.270452228
 0.5550      4.702695416     -0.269410539
 0.5560      4.693793994     -0.268375010
 0.5570      4.684926503     -0.267345594
 0.5580      4.676092744     -0.266322242
 0.5590      4.667292521     -0.265304906
 0.5600      4.658525639     -0.264293541
 0.5610      4.649791903     -0.263288099
 0.5620      4.641091123     -0.262288534
 0.5630      4.632423106     -0.261294801
 0.5640      4.623787665     -0.260306854
 0.5650      4.615184610     -0.259324648
 0.5660      4.606613757     -0.258348140
 0.5670      4.598074920     -0.257377286
 0.5680      4.589567915     -0.256412041
 0.5690      4.581092560     -0.255452363
 0.5700      4.572648675     -0.254498209
 0.5710      4.564236081     -0.253549537
 0.5720      4.555854599     -0.252606306
 0.5730      4.547504053     -0.251668472
 0.5740      4.539184267     -0.250735997
 0.5750      4.530895067     -0.249808838
 0.5760      4.522636281     -0.248886956
 0.5770      4.514407738     -0.247970311
 0.5780      4.506209267     -0.247058863
 0.5790      4.498040699     -0.246152573
 0.5800      4.489901866     -0.245251402
 0.5810      4.481792603     -0.244355312
 0.5820      4.473712745     -0.243464265
 0.5830      4.465662126     -0.242578224
 0.5840      4.457640586     -0.241697149
 0.5850      4.449647961     -0.240821006
 0.5860      4.441684093     -0.239949757
 0.5870      4.433748821     -0.239083365
 0.5880      4.425841988     -0.238221795
 0.5890      4.417963437     -0.237365011
 0.5900      4.410113012     -0.236512978
 0.5910      4.402290560     -0.235665661
 0.5920      4.394495925     -0.234823025
 0.5930      4.386728957     -0.233985036
 0.5940      4.378989504     -0.233151659
 0.5950      4.371277416     -0.232322862
 0.5960      4.363592543     -0.231498609
 0.5970      4.355934739     -0.230678870
 0.5980      4.348303856     -0.229863610
 0.5990      4.340699749     -0.229052797
 0.6000      4.333122272     -0.228246398
 0.6010      4.325571282     -0.227444383
 0.6020      4.318046636     -0.226646719
 0.6030      4.310548193     -0.225853375
 0.6040      4.303075812     -0.225064320
 0.6050      4.295629353     -0.224279522
 0.6060      4.288208678     -0.223498952
 0.6070      4.280813648     -0.222722579
 0.6080      4.273444128     -0.221950374
 0.6090      4.266099982     -0.221182306
 0.6100      4.258781074     -0.220418346
 0.6110      4.251487272     -0.219658465
 0.6120      4.244218441     -0.218902634
 0.6130      4.236974451     -0.218150824
 0.6140      4.229755169     -0.217403007
 0.6150      4.222560467     -0.216659154
 0.6160      4.215390214     -0.215919238
 0.6170      4.208244283     -0.215183231
 0.6180      4.201122546     -0.214451106
 0.6190      4.194024876     -0.213722835
 0.6200      4.186951149     -0.212998392
 0.6210      4.179901238     -0.212277749
 0.6220      4.172875021     -0.211560881
 0.6230      4.165872374     -0.210847760
 0.6240      4.158893174     -0.210138362
 0.6250      4.151937302     -0.209432659
 0.6260      4.145004635     -0.208730627
 0.6270      4.138095054     -0.208032240
 0.6280      4.131208441     -0.207337473
 0.6290      4.124344678     -0.206646302
 0.6300      4.117503646     -0.205958700
 0.6310      4.110685230     -0.205274644
 0.6320      4.103889314     -0.204594110
 0.6330      4.097115783     -0.203917074
 0.6340      4.090364523     -0.203243511
 0.6350      4.083635420     -0.202573398
 0.6360      4.076928362     -0.201906711
 0.6370      4.070243237     -0.201243428
 0.6380      4.063579934     -0.200583524
 0.6390      4.056938343     -0.199926978
 0.6400      4.050318354     -0.199273766
 0.6410      4.043719858     -0.198623866
 0.6420      4.037142748     -0.197977256
 0.6430      4.030586915     -0.197333914
 0.6440      4.024052253     -0.196693817
 0.6450      4.017538656     -0.196056944
 0.6460      4.011046019     -0.195423273
 0.6470      4.004574237     -0.194792783
 0.6480      3.998123206     -0.194165453
 0.6490      3.991692823     -0.193541261
 0.6500      3.985282986     -0.192920188
 0.6510      3.978893593     -0.192302211
 0.6520      3.972524542     -0.191687311
 0.6530      3.966175733     -0.191075467
 0.6540      3.959847067     -0.190466659
 0.6550      3.953538443     -0.189860867
 0.6560      3.947249763     -0.189258072
 0.6570      3.940980931     -0.188658253
 0.6580      3.934731847     -0.188061391
 0.6590      3.928502416     -0.187467466
 0.6600      3.922292541     -0.186876460
 0.6610      3.916102128     -0.186288353
 0.6620      3.909931081     -0.185703127
 0.6630      3.903779306     -0.185120762
 0.6640      3.897646710     -0.184541240
 0.6650      3.891533200     -0.183964544
 0.6660      3.885438683     -0.183390653
 0.6670      3.879363068     -0.182819551
 0.6680      3.873306263     -0.182251219
 0.6690      3.867268178     -0.181685639
 0.6700      3.861248722     -0.181122794
 0.6710      3.855247807     -0.180562666
 0.6720      3.849265344     -0.180005238
 0.6730      3.843301244     -0.179450492
 0.6740      3.837355419     -0.178898412
 0.6750      3.831427783     -0.178348979
 0.6760      3.825518248     -0.177802178
 0.6770      3.819626729     -0.177257992
 0.6780      3.813753140     -0.176716404
 0.6790      3.807897396     -0.176177397
 0.6800      3.802059412     -0.175640955
 0.6810      3.796239105     -0.175107063
 0.6820      3.790436391     -0.174575703
 0.6830      3.784651187     -0.174046860
 0.6840      3.778883412     -0.173520519
 0.6850      3.773132982     -0.172996662
 0.6860      3.767399817     -0.172475276
 0.6870      3.761683836     -0.171956343
 0.6880      3.755984958     -0.171439850
 0.6890      3.750303104     -0.170925781
 0.6900      3.744638194     -0.170414120
 0.6910      3.738990150     -0.169904852
 0.6920      3.733358893     -0.169397964
 0.6930      3.727744345     -0.168893439
 0.6940      3.722146429     -0.168391264
 0.6950      3.716565067     -0.167891424
 0.6960      3.711000184     -0.167393904
 0.6970      3.705451703     -0.166898690
 0.6980      3.699919550     -0.166405769
 0.6990      3.694403648     -0.165915124
 0.7000      3.688903923     -0.165426744
 0.7010      3.683420301     -0.164940614
 0.7020      3.677952708     -0.164456720
 0.7030      3.672501072     -0.163975048
 0.7040      3.667065318     -0.163495586
 0.7050      3.661645376     -0.163018319
 0.7060      3.656241172     -0.162543234
 0.7070      3.650852636     -0.162070318
 0.7080      3.645479696     -0.161599558
 0.7090      3.640122282     -0.161130940
 0.7100      3.634780323     -0.160664452
 0.7110      3.629453750     -0.160200081
 0.7120      3.624142493     -0.159737815
 0.7130      3.618846484     -0.159277639
 0.7140      3.613565653     -0.158819543
 0.7150      3.608299933     -0.158363513
 0.7160      3.603049256     -0.157909537
 0.7170      3.597813555     -0.157457603
 0.7180      3.592592762     -0.157007699
 0.7190      3.587386811     -0.156559811
 0.7200      3.582195636     -0.156113930
 0.7210      3.577019171     -0.155670042
 0.7220      3.571857351     -0.155228135
 0.7230      3.566710111     -0.154788199
 0.7240      3.561577386     -0.154350221
 0.7250      3.556459112     -0.153914189
 0.7260      3.551355225     -0.153480093
 0.7270      3.546265662     -0.153047920
 0.7280      3.541190360     -0.152617660
 0.7290      3.536129255     -0.152189302
 0.7300      3.531082286     -0.151762833
 0.7310      3.526049390     -0.151338243
 0.7320      3.521030507     -0.150915522
 0.7330      3.516025573     -0.150494657
 0.7340      3.511034530     -0.150075639
 0.7350      3.506057316     -0.149658456
 0.7360      3.501093870     -0.149243098
 0.7370      3.496144133     -0.148829555
 0.7380      3.491208046     -0.148417815
 0.7390      3.486285549     -0.148007868
 0.7400      3.481376584     -0.147599704
 0.7410      3.476481091     -0.147193313
 0.7420      3.471599013     -0.146788685
 0.7430      3.466730293     -0.146385808
 0.7440      3.461874871     -0.145984674
 0.7450      3.457032692     -0.145585271
 0.7460      3.452203698     -0.145187591
 0.7470      3.447387833     -0.144791624
 0.7480      3.442585040     -0.144397359
 0.7490      3.437795264     -0.144004787
 0.7500      3.433018450     -0.143613898
 0.7510      3.428254541     -0.143224682
 0.7520      3.423503483     -0.142837131
 0.7530      3.418765221     -0.142451235
 0.7540      3.414039702     -0.142066983
 0.7550      3.409326870     -0.141684368
 0.7560      3.404626673     -0.141303379
 0.7570      3.399939056     -0.140924008
 0.7580      3.395263967     -0.140546246
 0.7590      3.390601353     -0.140170083
 0.7600      3.385951161     -0.139795510
 0.7610      3.381313340     -0.139422518
 0.7620      3.376687836     -0.139051100
 0.7630      3.372074599     -0.138681245
 0.7640      3.367473578     -0.138312945
 0.7650      3.362884720     -0.137946191
 0.7660      3.358307975     -0.137580975
 0.7670      3.353743294     -0.137217289
 0.7680      3.349190625     -0.136855123
 0.7690      3.344649918     -0.136494469
 0.7700      3.340121124     -0.136135319
 0.7710      3.335604194     -0.135777665
 0.7720      3.331099078     -0.135421498
 0.7730      3.326605728     -0.135066810
 0.7740      3.322124094     -0.134713593
 0.7750      3.317654129     -0.134361839
 0.7760      3.313195785     -0.134011540
 0.7770      3.308749013     -0.133662688
 0.7780      3.304313766     -0.133315274
 0.7790      3.299889997     -0.132969291
 0.7800      3.295477659     -0.132624732
 0.7810      3.291076705     -0.132281588
 0.7820      3.286687088     -0.131939851
 0.7830      3.282308763     -0.131599515
 0.7840      3.277941682     -0.131260571
 0.7850      3.273585801     -0.130923012
 0.7860      3.269241075     -0.130586830
 0.7870      3.264907456     -0.130252018
 0.7880      3.260584902     -0.129918569
 0.7890      3.256273366     -0.129586475
 0.7900      3.251972804     -0.129255728
 0.7910      3.247683172     -0.128926322
 0.7920      3.243404427     -0.128598250
 0.7930      3.239136523     -0.128271503
 0.7940      3.234879417     -0.127946076
 0.7950      3.230633067     -0.127621961
 0.7960      3.226397428     -0.127299150
 0.7970      3.222172459     -0.126977638
 0.7980      3.217958116     -0.126657417
 0.7990      3.213754356     -0.126338480
 0.8000      3.209561139     -0.126020820
 0.8010      3.205378421     -0.125704431
 0.8020      3.201206160     -0.125389306
 0.8030      3.197044316     -0.125075438
 0.8040      3.192892847     -0.124762820
 0.8050      3.188751711     -0.124451447
 0.8060      3.184620869     -0.124141310
 0.8070      3.180500278     -0.123832405
 0.8080      3.176389899     -0.123524723
 0.8090      3.172289692     -0.123218260
 0.8100      3.168199615     -0.122913008
 0.8110      3.164119631     -0.122608961
 0.8120      3.160049698     -0.122306113
 0.8130      3.155989777     -0.122004458
 0.8140      3.151939829     -0.121703989
 0.8150      3.147899816     -0.121404700
 0.8160      3.143869698     -0.121106585
 0.8170      3.139849436     -0.120809638
 0.8180      3.135838993     -0.120513853
 0.8190      3.131838329     -0.120219223
 0.8200      3.127847408     -0.119925743
 0.8210      3.123866190     -0.119633408
 0.8220      3.119894639     -0.119342210
 0.8230      3.115932717     -0.119052144
 0.8240      3.111980387     -0.118763204
 0.8250      3.108037611     -0.118475385
 0.8260      3.104104353     -0.118188680
 0.8270      3.100180576     -0.117903084
 0.8280      3.096266244     -0.117618592
 0.8290      3.092361320     -0.117335197
 0.8300      3.088465768     -0.117052894
 0.8310      3.084579553     -0.116771677
 0.8320      3.080702638     -0.116491542
 0.8330      3.076834987     -0.116212481
 0.8340      3.072976566     -0.115934491
 0.8350      3.069127340     -0.115657565
 0.8360      3.065287272     -0.115381698
 0.8370      3.061456329     -0.115106884
 0.8380      3.057634475     -0.114833119
 0.8390      3.053821677     -0.114560397
 0.8400      3.050017899     -0.114288713
 0.8410      3.046223108     -0.114018061
 0.8420      3.042437269     -0.113748437
 0.8430      3.038660350     -0.113479834
 0.8440      3.034892315     -0.113212249
 0.8450      3.031133132     -0.112945676
 0.8460      3.027382767     -0.112680109
 0.8470      3.023641187     -0.112415544
 0.8480      3.019908359     -0.112151976
 0.8490      3.016184251     -0.111889400
 0.8500      3.012468829     -0.111627811
 0.8510      3.008762062     -0.111367203
 0.8520      3.005063916     -0.111107573
 0.8530      3.001374360     -0.110848914
 0.8540      2.997693361     -0.110591224
 0.8550      2.994020888     -0.110334495
 0.8560      2.990356909     -0.110078725
 0.8570      2.986701393     -0.109823907
 0.8580      2.983054307     -0.109570038
 0.8590      2.979415622     -0.109317113
 0.8600      2.975785305     -0.109065127
 0.8610      2.972163326     -0.108814075
 0.8620      2.968549653     -0.108563953
 0.8630      2.964944257     -0.108314756
 0.8640      2.961347107     -0.108066480
 0.8650      2.957758173     -0.107819120
 0.8660      2.954177424     -0.107572672
 0.8670      2.950604830     -0.107327131
 0.8680      2.947040362     -0.107082493
 0.8690      2.943483989     -0.106838753
 0.8700      2.939935682     -0.106595908
 0.8710      2.936395412     -0.106353952
 0.8720      2.932863149     -0.106112882
 0.8730      2.929338864     -0.105872693
 0.8740      2.925822528     -0.105633381
 0.8750      2.922314112     -0.105394941
 0.8760      2.918813588     -0.105157370
 0.8770      2.915320926     -0.104920663
 0.8780      2.911836099     -0.104684816
 0.8790      2.908359077     -0.104449825
 0.8800      2.904889834     -0.104215685
 0.8810      2.901428340     -0.103982394
 0.8820      2.897974567     -0.103749946
 0.8830      2.894528488     -0.103518338
 0.8840      2.891090076     -0.103287565
 0.8850      2.887659302     -0.103057624
 0.8860      2.884236140     -0.102828511
 0.8870      2.880820561     -0.102600221
 0.8880      2.877412539     -0.102372751
 0.8890      2.874012047     -0.102146097
 0.8900      2.870619058     -0.101920254
 0.8910      2.867233545     -0.101695220
 0.8920      2.863855481     -0.101470991
 0.8930      2.860484840     -0.101247561
 0.8940      2.857121596     -0.101024929
 0.8950      2.853765722     -0.100803089
 0.8960      2.850417192     -0.100582039
 0.8970      2.847075981     -0.100361774
 0.8980      2.843742061     -0.100142291
 0.8990      2.840415408     -0.099923586
 0.9000      2.837095995     -0.099705656
 0.9010      2.833783798     -0.099488496
 0.9020      2.830478791     -0.099272104
 0.9030      2.827180948     -0.099056475
 0.9040      2.823890244     -0.098841606
 0.9050      2.820606655     -0.098627494
 0.9060      2.817330154     -0.098414135
 0.9070      2.814060719     -0.098201525
 0.9080      2.810798322     -0.097989662
 0.9090      2.807542941     -0.097778541
 0.9100      2.804294551     -0.097568159
 0.9110      2.801053127     -0.097358512
 0.9120      2.797818645     -0.097149598
 0.9130      2.794591080     -0.096941413
 0.9140      2.791370410     -0.096733954
 0.9150      2.788156609     -0.096527216
 0.9160      2.784949654     -0.096321198
 0.9170      2.781749522     -0.096115895
 0.9180      2.778556188     -0.095911304
 0.9190      2.775369629     -0.095707422
 0.9200      2.772189823     -0.095504246
 0.9210      2.769016744     -0.095301773
 0.9220      2.765850371     -0.095099998
 0.9230      2.762690681     -0.094898920
 0.9240      2.759537649     -0.094698535
 0.9250      2.756391254     -0.094498840
 0.9260      2.753251473     -0.094299831
 0.9270      2.750118283     -0.094101505
 0.9280      2.746991661     -0.093903861
 0.9290      2.743871585     -0.093706893
 0.9300      2.740758033     -0.093510599
 0.9310      2.737650982     -0.093314977
 0.9320      2.734550411     -0.093120023
 0.9330      2.731456296     -0.092925734
 0.9340      2.728368617     -0.092732107
 0.9350      2.725287352     -0.092539140
 0.9360      2.722212478     -0.092346828
 0.9370      2.719143974     -0.092155170
 0.9380      2.716081818     -0.091964162
 0.9390      2.713025990     -0.091773801
 0.9400      2.709976467     -0.091584085
 0.9410      2.706933228     -0.091395011
 0.9420      2.703896252     -0.091206575
 0.9430      2.700865519     -0.091018775
 0.9440      2.697841007     -0.090831608
 0.9450      2.694822695     -0.090645071
 0.9460      2.691810562     -0.090459162
 0.9470      2.688804588     -0.090273877
 0.9480      2.685804752     -0.090089214
 0.9490      2.682811034     -0.089905170
 0.9500      2.679823412     -0.089721743
 0.9510      2.676841868     -0.089538929
 0.9520      2.673866379     -0.089356726
 0.9530      2.670896928     -0.089175131
 0.9540      2.667933492     -0.088994142
 0.9550      2.664976053     -0.088813755
 0.9560      2.662024590     -0.088633969
 0.9570      2.659079084     -0.088454780
 0.9580      2.656139514     -0.088276187
 0.9590      2.653205861     -0.088098185
 0.9600      2.650278107     -0.087920773
 0.9610      2.647356230     -0.087743949
 0.9620      2.644440212     -0.087567709
 0.9630      2.641530033     -0.087392051
 0.9640      2.638625675     -0.087216972
 0.9650      2.635727118     -0.087042471
 0.9660      2.632834343     -0.086868544
 0.9670      2.629947331     -0.086695188
 0.9680      2.627066063     -0.086522403
 0.9690      2.624190520     -0.086350184
 0.9700      2.621320684     -0.086178530
 0.9710      2.618456536     -0.086007438
 0.9720      2.615598058     -0.085836905
 0.9730      2.612745230     -0.085666930
 0.9740      2.609898035     -0.085497510
 0.9750      2.607056455     -0.085328642
 0.9760      2.604220470     -0.085160324
 0.9770      2.601390063     -0.084992554
 0.9780      2.598565216     -0.084825329
 0.9790      2.595745910     -0.084658647
 0.9800      2.592932129     -0.084492506
 0.9810      2.590123853     -0.084326903
 0.9820      2.587321065     -0.084161837
 0.9830      2.584523748     -0.083997304
 0.9840      2.581731883     -0.083833302
 0.9850      2.578945454     -0.083669830
 0.9860      2.576164443     -0.083506885
 0.9870      2.573388832     -0.083344464
 0.9880      2.570618604     -0.083182566
 0.9890      2.567853741     -0.083021188
 0.9900      2.565094227     -0.082860328
 0.9910      2.562340045     -0.082699985
 0.9920      2.559591177     -0.082540155
 0.9930      2.556847607     -0.082380836
 0.9940      2.554109317     -0.082222027
 0.9950      2.551376291     -0.082063725
 0.9960      2.548648511     -0.081905928
 0.9970      2.545925962     -0.081748634
 0.9980      2.543208627     -0.081591840
 0.9990      2.540496489     -0.081435546
