-1.0000    -10.182776430     -0.210765123
-0.9990    -10.189739658     -0.211766606
-0.9980    -10.196735572     -0.212775959
-0.9970    -10.203764425     -0.213793265
-0.9960    -10.210826473     -0.214818608
-0.9950    -10.217921975     -0.215852072
-0.9940    -10.225051190     -0.216893741
-0.9930    -10.232214382     -0.217943704
-0.9920    -10.239411817     -0.219002047
-0.9910    -10.246643765     -0.220068860
-0.9900    -10.253910497     -0.221144232
-0.9890    -10.261212286     -0.222228256
-0.9880    -10.268549412     -0.223321023
-0.9870    -10.275922154     -0.224422627
-0.9860    -10.283330795     -0.225533163
-0.9850    -10.290775621     -0.226652729
-0.9840    -10.298256923     -0.227781420
-0.9830    -10.305774991     -0.228919337
-0.9820    -10.313330122     -0.230066579
-0.9810    -10.320922614     -0.231223249
-0.9800    -10.328552768     -0.232389448
-0.9790    -10.336220890     -0.233565283
-0.9780    -10.343927288     -0.234750857
-0.9770    -10.351672273     -0.235946280
-0.9760    -10.359456160     -0.237151659
-0.9750    -10.367279268     -0.238367104
-0.9740    -10.375141918     -0.239592729
-0.9730    -10.383044435     -0.240828646
-0.9720    -10.390987148     -0.242074970
-0.9710    -10.398970389     -0.243331817
-0.9700    -10.406994495     -0.244599307
-0.9690    -10.415059804     -0.245877558
-0.9680    -10.423166661     -0.247166692
-0.9670    -10.431315413     -0.248466833
-0.9660    -10.439506409     -0.249778106
-0.9650    -10.447740006     -0.251100637
-0.9640    -10.456016562     -0.252434555
-0.9630    -10.464336440     -0.253779991
-0.9620    -10.472700007     -0.255137076
-0.9610    -10.481107633     -0.256505946
-0.9600    -10.489559694     -0.257886735
-0.9590    -10.498056569     -0.259279583
-0.9580    -10.506598642     -0.260684629
-0.9570    -10.515186301     -0.262102016
-0.9560    -10.523819939     -0.263531888
-0.9550    -10.532499951     -0.264974391
-0.9540    -10.541226739     -0.266429673
-0.9530    -10.550000710     -0.267897886
-0.9520    -10.558822274     -0.269379182
-0.9510    -10.567691847     -0.270873716
-0.9500    -10.576609848     -0.272381646
-0.9490    -10.585576702     -0.273903131
-0.9480    -10.594592840     -0.275438335
-0.9470    -10.603658696     -0.276987421
-0.9460    -10.612774711     -0.278550556
-0.9450    -10.621941329     -0.280127910
-0.9440    -10.631159002     -0.281719655
-0.9430    -10.640428184     -0.283325967
-0.9420    -10.649749336     -0.284947022
-0.9410    -10.659122926     -0.286583000
-0.9400    -10.668549425     -0.288234084
-0.9390    -10.678029311     -0.289900461
-0.9380    -10.687563067     -0.291582318
-0.9370    -10.697151183     -0.293279847
-0.9360    -10.706794153     -0.294993242
-0.9350    -10.716492478     -0.296722702
-0.9340    -10.726246666     -0.298468425
-0.9330    -10.736057229     -0.300230616
-0.9320    -10.745924687     -0.302009482
-0.9310    -10.755849566     -0.303805233
-0.9300    -10.765832397     -0.305618081
-0.9290    -10.775873720     -0.307448244
-0.9280    -10.785974079     -0.309295942
-0.9270    -10.796134027     -0.311161399
-0.9260    -10.806354122     -0.313044842
-0.9250    -10.816634930     -0.314946500
-0.9240    -10.826977023     -0.316866611
-0.9230    -10.837380982     -0.318805410
-0.9220    -10.847847394     -0.320763142
-0.9210    -10.858376852     -0.322740051
-0.9200    -10.868969959     -0.324736388
-0.9190    -10.879627325     -0.326752406
-0.9180    -10.890349566     -0.328788366
-0.9170    -10.901137308     -0.330844528
-0.9160    -10.911991184     -0.332921160
-0.9150    -10.922911834     -0.335018534
-0.9140    -10.933899908     -0.337136924
-0.9130    -10.944956064     -0.339276612
-0.9120    -10.956080966     -0.341437882
-0.9110    -10.967275292     -0.343621025
-0.9100    -10.978539722     -0.345826334
-0.9090    -10.989874950     -0.348054110
-0.9080    -11.001281678     -0.350304658
-0.9070    -11.012760614     -0.352578287
-0.9060    -11.024312480     -0.354875312
-0.9050    -11.035938005     -0.357196054
-0.9040    -11.047637926     -0.359540839
-0.9030    -11.059412993     -0.361909999
-0.9020    -11.071263965     -0.364303871
-0.9010    -11.083191609     -0.366722798
-0.9000    -11.095196705     -0.369167129
-0.8990    -11.107280043     -0.371637219
-0.8980    -11.119442421     -0.374133431
-0.8970    -11.131684651     -0.376656132
-0.8960    -11.144007554     -0.379205695
-0.8950    -11.156411963     -0.381782502
-0.8940    -11.168898723     -0.384386940
-0.8930    -11.181468688     -0.387019405
-0.8920    -11.194122726     -0.389680297
-0.8910    -11.206861717     -0.392370024
-0.8900    -11.219686552     -0.395089004
-0.8890    -11.232598134     -0.397837660
-0.8880    -11.245597379     -0.400616422
-0.8870    -11.258685217     -0.403425731
-0.8860    -11.271862590     -0.406266032
-0.8850    -11.285130452     -0.409137782
-0.8840    -11.298489773     -0.412041443
-0.8830    -11.311941533     -0.414977488
-0.8820    -11.325486730     -0.417946398
-0.8810    -11.339126373     -0.420948662
-0.8800    -11.352861487     -0.423984779
-0.8790    -11.366693111     -0.427055258
-0.8780    -11.380622299     -0.430160616
-0.8770    -11.394650120     -0.433301381
-0.8760    -11.408777658     -0.436478089
-0.8750    -11.423006015     -0.439691289
-0.8740    -11.437336305     -0.442941539
-0.8730    -11.451769662     -0.446229407
-0.8720    -11.466307235     -0.449555473
-0.8710    -11.480950188     -0.452920328
-0.8700    -11.495699706     -0.456324573
-0.8690    -11.510556988     -0.459768823
-0.8680    -11.525523253     -0.463253703
-0.8670    -11.540599736     -0.466779852
-0.8660    -11.555787693     -0.470347920
-0.8650    -11.571088396     -0.473958569
-0.8640    -11.586503139     -0.477612477
-0.8630    -11.602033233     -0.481310334
-0.8620    -11.617680010     -0.485052842
-0.8610    -11.633444821     -0.488840720
-0.8600    -11.649329039     -0.492674700
-0.8590    -11.665334058     -0.496555527
-0.8580    -11.681461291     -0.500483965
-0.8570    -11.697712176     -0.504460791
-0.8560    -11.714088171     -0.508486797
-0.8550    -11.730590757     -0.512562793
-0.8540    -11.747221438     -0.516689605
-0.8530    -11.763981741     -0.520868077
-0.8520    -11.780873218     -0.525099068
-0.8510    -11.797897444     -0.529383457
-0.8500    -11.815056020     -0.533722141
-0.8490    -11.832350571     -0.538116035
-0.8480    -11.849782748     -0.542566075
-0.8470    -11.867354230     -0.547073214
-0.8460    -11.885066720     -0.551638428
-0.8450    -11.902921950     -0.556262712
-0.8440    -11.920921679     -0.560947083
-0.8430    -11.939067696     -0.565692580
-0.8420    -11.957361816     -0.570500264
-0.8410    -11.975805886     -0.575371218
-0.8400    -11.994401782     -0.580306552
-0.8390    -12.013151412     -0.585307396
-0.8380    -12.032056712     -0.590374907
-0.8370    -12.051119653     -0.595510268
-0.8360    -12.070342237     -0.600714687
-0.8350    -12.089726500     -0.605989398
-0.8340    -12.109274512     -0.611335665
-0.8330    -12.128988376     -0.616754779
-0.8320    -12.148870232     -0.622248060
-0.8310    -12.168922255     -0.627816857
-0.8300    -12.189146657     -0.633462551
-0.8290    -12.209545687     -0.639186555
-0.8280    -12.230121633     -0.644990312
-0.8270    -12.250876820     -0.650875300
-0.8260    -12.271813616     -0.656843030
-0.8250    -12.292934426     -0.662895050
-0.8240    -12.314241701     -0.669032943
-0.8230    -12.335737929     -0.675258327
-0.8220    -12.357425645     -0.681572861
-0.8210    -12.379307427     -0.687978243
-0.8200    -12.401385898     -0.694476208
-0.8190    -12.423663726     -0.701068537
-0.8180    -12.446143628     -0.707757050
-0.8170    -12.468828367     -0.714543613
-0.8160    -12.491720757     -0.721430135
-0.8150    -12.514823659     -0.728418574
-0.8140    -12.538139989     -0.735510933
-0.8130    -12.561672711     -0.742709265
-0.8120    -12.585424846     -0.750015676
-0.8110    -12.609399466     -0.757432320
-0.8100    -12.633599702     -0.764961408
-0.8090    -12.658028740     -0.772605203
-0.8080    -12.682689824     -0.780366028
-0.8070    -12.707586258     -0.788246261
-0.8060    -12.732721406     -0.796248344
-0.8050    -12.758098693     -0.804374779
-0.8040    -12.783721611     -0.812628132
-0.8030    -12.809593712     -0.821011034
-0.8020    -12.835718617     -0.829526187
-0.8010    -12.862100014     -0.838176360
-0.8000    -12.888741661     -0.846964396
-0.7990    -12.915647384     -0.855893212
-0.7980    -12.942821084     -0.864965800
-0.7970    -12.970266733     -0.874185235
-0.7960    -12.997988383     -0.883554670
-0.7950    -13.025990157     -0.893077344
-0.7940    -13.054276262     -0.902756583
-0.7930    -13.082850984     -0.912595803
-0.7920    -13.111718690     -0.922598511
-0.7910    -13.140883834     -0.932768312
-0.7900    -13.170350953     -0.943108908
-0.7890    -13.200124675     -0.953624104
-0.7880    -13.230209718     -0.964317809
-0.7870    -13.260610890     -0.975194043
-0.7860    -13.291333096     -0.986256937
-0.7850    -13.322381336     -0.997510737
-0.7840    -13.353760708     -1.008959812
-0.7830    -13.385476413     -1.020608653
-0.7820    -13.417533753     -1.032461880
-0.7810    -13.449938139     -1.044524245
-0.7800    -13.482695085     -1.056800638
-0.7790    -13.515810221     -1.069296091
-0.7780    -13.549289286     -1.082015782
-0.7770    -13.583138135     -1.094965042
-0.7760    -13.617362744     -1.108149359
-0.7750    -13.651969208     -1.121574382
-0.7740    -13.686963746     -1.135245932
-0.7730    -13.722352702     -1.149170001
-0.7720    -13.758142553     -1.163352764
-0.7710    -13.794339906     -1.177800583
-0.7700    -13.830951503     -1.192520012
-0.7690    -13.867984227     -1.207517808
-0.7680    -13.905445100     -1.222800936
-0.7670    -13.943341291     -1.238376576
-0.7660    -13.981680116     -1.254252132
-0.7650    -14.020469043     -1.270435242
-0.7640    -14.059715694     -1.286933782
-0.7630    -14.099427851     -1.303755881
-0.7620    -14.139613457     -1.320909923
-0.7610    -14.180280621     -1.338404565
-0.7600    -14.221437621     -1.356248742
-0.7590    -14.263092908     -1.374451678
-0.7580    -14.305255109     -1.393022899
-0.7570    -14.347933032     -1.411972244
-0.7560    -14.391135671     -1.431309875
-0.7550    -14.434872207     -1.451046294
-0.7540    -14.479152012     -1.471192353
-0.7530    -14.523984658     -1.491759269
-0.7520    -14.569379914     -1.512758637
-0.7510    -14.615347756     -1.534202449
-0.7500    -14.661898367     -1.556103104
-0.7490    -14.709042144     -1.578473430
-0.7480    -14.756789702     -1.601326700
-0.7470    -14.805151875     -1.624676648
-0.7460    -14.854139724     -1.648537489
-0.7450    -14.903764541     -1.672923941
-0.7440    -14.954037847     -1.697851243
-0.7430    -15.004971407     -1.723335180
-0.7420    -15.056577224     -1.749392100
-0.7410    -15.108867547     -1.776038946
-0.7400    -15.161854877     -1.803293275
-0.7390    -15.215551966     -1.831173288
-0.7380    -15.269971826     -1.859697854
-0.7370    -15.325127728     -1.888886542
-0.7360    -15.381033207     -1.918759652
-0.7350    -15.437702065     -1.949338244
-0.7340    -15.495148376     -1.980644172
-0.7330    -15.553386483     -2.012700123
-0.7320    -15.612431008     -2.045529648
-0.7310    -15.672296846     -2.079157207
-0.7300    -15.732999171     -2.113608203
-0.7290    -15.794553438     -2.148909032
-0.7280    -15.856975379     -2.185087123
-0.7270    -15.920281006     -2.222170987
-0.7260    -15.984486609     -2.260190266
-0.7250    -16.049608756     -2.299175787
-0.7240    -16.115664288     -2.339159615
-0.7230    -16.182670315     -2.380175113
-0.7220    -16.250644216     -2.422257002
-0.7210    -16.319603630     -2.465441424
-0.7200    -16.389566446     -2.509766011
-0.7190    -16.460550801     -2.555269956
-0.7180    -16.532575064     -2.601994086
-0.7170    -16.605657830     -2.649980945
-0.7160    -16.679817897     -2.699274872
-0.7150    -16.755074261     -2.749922091
-0.7140    -16.831446085     -2.801970805
-0.7130    -16.908952690     -2.855471289
-0.7120    -16.987613519     -2.910475994
-0.7110    -17.067448118     -2.967039659
-0.7100    -17.148476099     -3.025219415
-0.7090    -17.230717106     -3.085074916
-0.7080    -17.314190775     -3.146668457
-0.7070    -17.398916689     -3.210065111
-0.7060    -17.484914327     -3.275332868
-0.7050    -17.572203006     -3.342542782
-0.7040    -17.660801818     -3.411769129
-0.7030    -17.750729561     -3.483089569
-0.7020    -17.842004658     -3.556585320
-0.7010    -17.934645068     -3.632341341
-0.7000    -18.028668189     -3.710446519
-0.6990    -18.124090748     -3.790993878
-0.6980    -18.220928682     -3.874080786
-0.6970    -18.319197001     -3.959809181
-0.6960    -18.418909637     -4.048285804
-0.6950    -18.520079284     -4.139622449
-0.6940    -18.622717207     -4.233936218
-0.6930    -18.726833044     -4.331349797
-0.6920    -18.832434581     -4.431991740
-0.6910    -18.939527497     -4.535996766
-0.6900    -19.048115094     -4.643506074
-0.6890    -19.158197991     -4.754667671
-0.6880    -19.269773785     -4.869636707
-0.6870    -19.382836678     -4.988575837
-0.6860    -19.497377071     -5.111655586
-0.6850    -19.613381103     -5.239054734
-0.6840    -19.730830151     -5.370960710
-0.6830    -19.849700281     -5.507570006
-0.6820    -19.969961630     -5.649088590
-0.6810    -20.091577739     -5.795732344
-0.6800    -20.214504804     -5.947727497
-0.6790    -20.338690864     -6.105311074
-0.6780    -20.464074896     -6.268731340
-0.6770    -20.590585820     -6.438248249
-0.6760    -20.718141414     -6.614133887
-0.6750    -20.846647106     -6.796672897
-0.6740    -20.975994656     -6.986162900
-0.6730    -21.106060709     -7.182914877
-0.6720    -21.236705201     -7.387253520
-0.6710    -21.367769614     -7.599517545
-0.6700    -21.499075070     -7.820059929
-0.6690    -21.630420238     -8.049248085
-0.6680    -21.761579052     -8.287463933
-0.6670    -21.892298226     -8.535103856
-0.6660    -22.022294536     -8.792578516
-0.6650    -22.151251883     -9.060312489
-0.6640    -22.278818094     -9.338743704
-0.6630    -22.404601473     -9.628322624
-0.6620    -22.528167079     -9.929511136
-0.6610    -22.649032725    -10.242781096
-0.6600    -22.766664704    -10.568612468
-0.6590    -22.880473227    -10.907490986
-0.6580    -22.989807603    -11.259905267
-0.6570    -23.093951158    -11.626343291
-0.6560    -23.192115929    -12.007288143
-0.6550    -23.283437185    -12.403212931
-0.6540    -23.366967813    -12.814574748
-0.6530    -23.441672666    -13.241807570
-0.6520    -23.506422961    -13.685313956
-0.6510    -23.559990879    -14.145455417
-0.6500    -23.601044510    -14.622541321
-0.6490    -23.628143367    -15.116816210
-0.6480    -23.639734716    -15.628445387
-0.6470    -23.634151012    -16.157498704
-0.6460    -23.609608813    -16.703932444
-0.6450    -23.564209572    -17.267569290
-0.6440    -23.495942787    -17.848076392
-0.6430    -23.402692030    -18.444941654
-0.6420    -23.282244453    -19.057448424
-0.6410    -23.132304376    -19.684648940
-0.6400    -22.950511615    -20.325336983
-0.6390    -22.734465189    -20.978020415
-0.6380    -22.481753006    -21.640894430
-0.6370    -22.189988039    -22.311816608
-0.6360    -21.856851365    -22.988285040
-0.6350    -21.480142203    -23.667421070
-0.6340    -21.057834815    -24.345958342
-0.6330    -20.588141719    -25.020240037
-0.6320    -20.069582245    -25.686226237
-0.6310    -19.501054894    -26.339513331
-0.6300    -18.881911399    -26.975367197
-0.6290    -18.212029797    -27.588771575
-0.6280    -17.491883255    -28.174492482
-0.6270    -16.722600962    -28.727158817
-0.6260    -15.906017080    -29.241358394
-0.6250    -15.044703748    -29.711747562
-0.6240    -14.141984329    -30.133171484
-0.6230    -13.201923747    -30.500791004
-0.6220    -12.229293664    -30.810211061
-0.6210    -11.229511520    -31.057604891
-0.6200    -10.208554005    -31.239827877
-0.6190     -9.172847114    -31.354514985
-0.6180     -8.129136612    -31.400156326
-0.6170     -7.084344122    -31.376146397
-0.6160     -6.045415168    -31.282804047
-0.6150     -5.019166112    -31.121361949
-0.6140     -4.012137027    -30.893926214
-0.6130     -3.030457071    -30.603408611
-0.6120     -2.079727973    -30.253435373
-0.6110     -1.164929914    -29.848237825
-0.6100     -0.290352483    -29.392530735
-0.6090      0.540448233    -28.891384569
-0.6080      1.324666949    -28.350097558
-0.6070      2.060242753    -27.774072892
-0.6060      2.745831862    -27.168705414
-0.6050      3.380763203    -26.539281116
-0.6040      3.964980795    -25.890891610
-0.6030      4.498976981    -25.228364652
-0.6020      4.983720298    -24.556210848
-0.6010      5.420581415    -23.878585878
-0.6000      5.811259983    -23.199266977
-0.5990      6.157714717    -22.521642031
-0.5980      6.462098382    -21.848709403
-0.5970      6.726698859    -21.183086538
-0.5960      6.953886940    -20.527025460
-0.5950      7.146071116    -19.882433380
-0.5940      7.305659295    -19.250896838
-0.5930      7.435027155    -18.633708013
-0.5920      7.536492630    -18.031892073
-0.5910      7.612295985    -17.446234626
-0.5900      7.664584822    -16.877308585
-0.5890      7.695403369    -16.325499906
-0.5880      7.706685441    -15.791031825
-0.5870      7.700250452    -15.273987357
-0.5860      7.677801938    -14.774329930
-0.5850      7.640928116    -14.291922088
-0.5840      7.591104022    -13.826542299
-0.5830      7.529694871    -13.377899911
-0.5820      7.457960328    -12.945648363
-0.5810      7.377059395    -12.529396761
-0.5800      7.288055739    -12.128719948
-0.5790      7.191923236    -11.743167202
-0.5780      7.089551625    -11.372269701
-0.5770      6.981752138    -11.015546874
-0.5760      6.869263037    -10.672511771
-0.5750      6.752754970    -10.342675564
-0.5740      6.632836131    -10.025551284
-0.5730      6.510057162     -9.720656899
-0.5720      6.384915796     -9.427517813
-0.5710      6.257861219     -9.145668865
-0.5700      6.129298163     -8.874655907
-0.5690      5.999590703     -8.614037014
-0.5680      5.869065801     -8.363383385
-0.5670      5.738016574     -8.122279986
-0.5660      5.606705315     -7.890325967
-0.5650      5.475366276     -7.667134901
-0.5640      5.344208222     -7.452334869
-0.5630      5.213416782     -7.245568417
-0.5620      5.083156588     -7.046492422
-0.5610      4.953573248     -6.854777860
-0.5600      4.824795135     -6.670109522
-0.5590      4.696935026     -6.492185677
-0.5580      4.570091594     -6.320717688
-0.5570      4.444350768     -6.155429611
-0.5560      4.319786970     -5.996057768
-0.5550      4.196464237     -5.842350307
-0.5540      4.074437249     -5.694066757
-0.5530      3.953752253     -5.550977580
-0.5520      3.834447909     -5.412863725
-0.5510      3.716556055     -5.279516188
-0.5500      3.600102400     -5.150735577
-0.5490      3.485107158     -5.026331689
-0.5480      3.371585611     -4.906123098
-0.5470      3.259548636     -4.789936756
-0.5460      3.149003164     -4.677607600
-0.5450      3.039952613     -4.568978186
-0.5440      2.932397265     -4.463898323
-0.5430      2.826334619     -4.362224731
-0.5420      2.721759704     -4.263820712
-0.5410      2.618665360     -4.168555827
-0.5400      2.517042501     -4.076305597
-0.5390      2.416880344     -3.986951213
-0.5380      2.318166620     -3.900379260
-0.5370      2.220887762     -3.816481453
-0.5360      2.125029079     -3.735154386
-0.5350      2.030574906     -3.656299295
-0.5340      1.937508751     -3.579821830
-0.5330      1.845813409     -3.505631838
-0.5320      1.755471086     -3.433643160
-0.5310      1.666463492     -3.363773437
-0.5300      1.578771939     -3.295943919
-0.5290      1.492377418     -3.230079298
-0.5280      1.407260673     -3.166107535
-0.5270      1.323402270     -3.103959702
-0.5260      1.240782653     -3.043569837
-0.5250      1.159382196     -2.984874793
-0.5240      1.079181255     -2.927814112
-0.5230      1.000160203     -2.872329890
-0.5220      0.922299470     -2.818366657
-0.5210      0.845579577     -2.765871262
-0.5200      0.769981163     -2.714792765
-0.5190      0.695485014     -2.665082331
-0.5180      0.622072079     -2.616693129
-0.5170      0.549723497     -2.569580243
-0.5160      0.478420609     -2.523700582
-0.5150      0.408144973     -2.479012793
-0.5140      0.338878380     -2.435477183
-0.5130      0.270602861     -2.393055643
-0.5120      0.203300700     -2.351711574
-0.5110      0.136954437     -2.311409821
-0.5100      0.071546877     -2.272116607
-0.5090      0.007061094     -2.233799467
-0.5080     -0.056519564     -2.196427198
-0.5070     -0.119211473     -2.159969793
-0.5060     -0.181030733     -2.124398395
-0.5050     -0.241993163     -2.089685245
-0.5040     -0.302114303     -2.055803631
-0.5030     -0.361409415     -2.022727844
-0.5020     -0.419893481     -1.990433137
-0.5010     -0.477581206     -1.958895680
-0.5000     -0.534487022     -1.928092522
-0.4990     -0.590625085     -1.898001554
-0.4980     -0.646009281     -1.868601471
-0.4970     -0.700653228     -1.839871742
-0.4960     -0.754570280     -1.811792574
-0.4950     -0.807773527     -1.784344883
-0.4940     -0.860275803     -1.757510263
-0.4930     -0.912089685     -1.731270960
-0.4920     -0.963227501     -1.705609844
-0.4910     -1.013701331     -1.680510383
-0.4900     -1.063523012     -1.655956620
-0.4890     -1.112704141     -1.631933149
-0.4880     -1.161256082     -1.608425092
-0.4870     -1.209189965     -1.585418080
-0.4860     -1.256516695     -1.562898231
-0.4850     -1.303246956     -1.540852131
-0.4840     -1.349391210     -1.519266817
-0.4830     -1.394959708     -1.498129756
-0.4820     -1.439962489     -1.477428832
-0.4810     -1.484409386     -1.457152329
-0.4800     -1.528310033     -1.437288913
-0.4790     -1.571673861     -1.417827621
-0.4780     -1.614510114     -1.398757843
-0.4770     -1.656827840     -1.380069313
-0.4760     -1.698635905     -1.361752093
-0.4750     -1.739942993     -1.343796561
-0.4740     -1.780757610     -1.326193400
-0.4730     -1.821088086     -1.308933586
-0.4720     -1.860942582     -1.292008377
-0.4710     -1.900329093     -1.275409306
-0.4700     -1.939255450     -1.259128165
-0.4690     -1.977729325     -1.243157000
-0.4680     -2.015758233     -1.227488101
-0.4670     -2.053349538     -1.212113991
-0.4660     -2.090510453     -1.197027422
-0.4650     -2.127248046     -1.182221362
-0.4640     -2.163569242     -1.167688992
-0.4630     -2.199480828     -1.153423694
-0.4620     -2.234989452     -1.139419048
-0.4610     -2.270101630     -1.125668821
-0.4600     -2.304823748     -1.112166964
-0.4590     -2.339162064     -1.098907605
-0.4580     -2.373122712     -1.085885042
-0.4570     -2.406711702     -1.073093736
-0.4560     -2.439934928     -1.060528310
-0.4550     -2.472798166     -1.048183538
-0.4540     -2.505307077     -1.036054342
-0.4530     -2.537467212     -1.024135790
-0.4520     -2.569284014     -1.012423087
-0.4510     -2.600762819     -1.000911573
-0.4500     -2.631908858     -0.989596715
-0.4490     -2.662727261     -0.978474110
-0.4480     -2.693223059     -0.967539472
-0.4470     -2.723401186     -0.956788635
-0.4460     -2.753266480     -0.946217544
-0.4450     -2.782823687     -0.935822258
-0.4440     -2.812077462     -0.925598939
-0.4430     -2.841032370     -0.915543853
-0.4420     -2.869692891     -0.905653365
-0.4410     -2.898063419     -0.895923939
-0.4400     -2.926148266     -0.886352130
-0.4390     -2.953951661     -0.876934585
-0.4380     -2.981477754     -0.867668038
-0.4370     -3.008730620     -0.858549308
-0.4360     -3.035714254     -0.849575299
-0.4350     -3.062432580     -0.840742992
-0.4340     -3.088889447     -0.832049446
-0.4330     -3.115088634     -0.823491796
-0.4320     -3.141033850     -0.815067250
-0.4310     -3.166728737     -0.806773086
-0.4300     -3.192176869     -0.798606652
-0.4290     -3.217381755     -0.790565360
-0.4280     -3.242346842     -0.782646688
-0.4270     -3.267075512     -0.774848178
-0.4260     -3.291571088     -0.767167431
-0.4250     -3.315836833     -0.759602107
-0.4240     -3.339875950     -0.752149925
-0.4230     -3.363691587     -0.744808657
-0.4220     -3.387286835     -0.737576132
-0.4210     -3.410664730     -0.730450229
-0.4200     -3.433828254     -0.723428880
-0.4190     -3.456780337     -0.716510065
-0.4180     -3.479523858     -0.709691813
-0.4170     -3.502061645     -0.702972199
-0.4160     -3.524396477     -0.696349346
-0.4150     -3.546531085     -0.689821417
-0.4140     -3.568468152     -0.683386620
-0.4130     -3.590210316     -0.677043207
-0.4120     -3.611760167     -0.670789467
-0.4110     -3.633120255     -0.664623730
-0.4100     -3.654293081     -0.658544366
-0.4090     -3.675281109     -0.652549778
-0.4080     -3.696086757     -0.646638411
-0.4070     -3.716712405     -0.640808741
-0.4060     -3.737160390     -0.635059280
-0.4050     -3.757433013     -0.629388574
-0.4040     -3.777532535     -0.623795201
-0.4030     -3.797461179     -0.618277771
-0.4020     -3.817221132     -0.612834923
-0.4010     -3.836814543     -0.607465330
-0.4000     -3.856243529     -0.602167691
-0.3990     -3.875510168     -0.596940734
-0.3980     -3.894616507     -0.591783216
-0.3970     -3.913564560     -0.586693921
-0.3960     -3.932356305     -0.581671658
-0.3950     -3.950993691     -0.576715262
-0.3940     -3.969478633     -0.571823594
-0.3930     -3.987813019     -0.566995539
-0.3920     -4.005998703     -0.562230006
-0.3910     -4.024037511     -0.557525926
-0.3900     -4.041931239     -0.552882253
-0.3890     -4.059681656     -0.548297965
-0.3880     -4.077290503     -0.543772059
-0.3870     -4.094759490     -0.539303553
-0.3860     -4.112090305     -0.534891487
-0.3850     -4.129284608     -0.530534921
-0.3840     -4.146344030     -0.526232931
-0.3830     -4.163270182     -0.521984617
-0.3820     -4.180064645     -0.517789094
-0.3810     -4.196728979     -0.513645495
-0.3800     -4.213264718     -0.509552973
-0.3790     -4.229673375     -0.505510696
-0.3780     -4.245956436     -0.501517850
-0.3770     -4.262115367     -0.497573636
-0.3760     -4.278151612     -0.493677272
-0.3750     -4.294066592     -0.489827992
-0.3740     -4.309861706     -0.486025044
-0.3730     -4.325538335     -0.482267692
-0.3720     -4.341097835     -0.478555213
-0.3710     -4.356541545     -0.474886900
-0.3700     -4.371870783     -0.471262059
-0.3690     -4.387086847     -0.467680008
-0.3680     -4.402191017     -0.464140082
-0.3670     -4.417184552     -0.460641624
-0.3660     -4.432068696     -0.457183995
-0.3650     -4.446844671     -0.453766563
-0.3640     -4.461513684     -0.450388711
-0.3630     -4.476076922     -0.447049834
-0.3620     -4.490535557     -0.443749338
-0.3610     -4.504890743     -0.440486639
-0.3600     -4.519143617     -0.437261165
-0.3590     -4.533295301     -0.434072355
-0.3580     -4.547346900     -0.430919659
-0.3570     -4.561299504     -0.427802535
-0.3560     -4.575154185     -0.424720454
-0.3550     -4.588912003     -0.421672894
-0.3540     -4.602574002     -0.418659344
-0.3530     -4.616141210     -0.415679303
-0.3520     -4.629614642     -0.412732277
-0.3510     -4.642995299     -0.409817785
-0.3500     -4.656284166     -0.406935350
-0.3490     -4.669482217     -0.404084506
-0.3480     -4.682590412     -0.401264796
-0.3470     -4.695609695     -0.398475770
-0.3460     -4.708540999     -0.395716987
-0.3450     -4.721385246     -0.392988013
-0.3440     -4.734143342     -0.390288422
-0.3430     -4.746816183     -0.387617795
-0.3420     -4.759404651     -0.384975723
-0.3410     -4.771909619     -0.382361800
-0.3400     -4.784331944     -0.379775631
-0.3390     -4.796672474     -0.377216825
-0.3380     -4.808932047     -0.374685000
-0.3370     -4.821111486     -0.372179780
-0.3360     -4.833211607     -0.369700794
-0.3350     -4.845233212     -0.367247680
-0.3340     -4.857177093     -0.364820079
-0.3330     -4.869044034     -0.362417642
-0.3320     -4.880834805     -0.360040023
-0.3310     -4.892550169     -0.357686883
-0.3300     -4.904190877     -0.355357889
-0.3290     -4.915757671     -0.353052712
-0.3280     -4.927251282     -0.350771031
-0.3270     -4.938672435     -0.348512529
-0.3260     -4.950021841     -0.346276894
-0.3250     -4.961300206     -0.344063820
-0.3240     -4.972508224     -0.341873006
-0.3230     -4.983646581     -0.339704155
-0.3220     -4.994715955     -0.337556976
-0.3210     -5.005717014     -0.335431183
-0.3200     -5.016650419     -0.333326494
-0.3190     -5.027516821     -0.331242631
-0.3180     -5.038316863     -0.329179322
-0.3170     -5.049051183     -0.327136299
-0.3160     -5.059720406     -0.325113297
-0.3150     -5.070325153     -0.323110058
-0.3140     -5.080866035     -0.321126325
-0.3130     -5.091343657     -0.319161847
-0.3120     -5.101758615     -0.317216377
-0.3110     -5.112111499     -0.315289671
-0.3100     -5.122402891     -0.313381491
-0.3090     -5.132633365     -0.311491599
-0.3080     -5.142803491     -0.309619765
-0.3070     -5.152913827     -0.307765760
-0.3060     -5.162964930     -0.305929359
-0.3050     -5.172957345     -0.304110341
-0.3040     -5.182891614     -0.302308487
-0.3030     -5.192768270     -0.300523585
-0.3020     -5.202587842     -0.298755423
-0.3010     -5.212350851     -0.297003792
-0.3000     -5.222057811     -0.295268488
-0.2990     -5.231709232     -0.293549311
-0.2980     -5.241305616     -0.291846061
-0.2970     -5.250847461     -0.290158543
-0.2960     -5.260335257     -0.288486565
-0.2950     -5.269769490     -0.286829937
-0.2940     -5.279150638     -0.285188473
-0.2930     -5.288479177     -0.283561990
-0.2920     -5.297755573     -0.281950305
-0.2910     -5.306980290     -0.280353242
-0.2900     -5.316153784     -0.278770624
-0.2890     -5.325276509     -0.277202278
-0.2880     -5.334348911     -0.275648035
-0.2870     -5.343371431     -0.274107725
-0.2860     -5.352344506     -0.272581184
-0.2850     -5.361268567     -0.271068250
-0.2840     -5.370144041     -0.269568760
-0.2830     -5.378971350     -0.268082558
-0.2820     -5.387750910     -0.266609487
-0.2810     -5.396483134     -0.265149393
-0.2800     -5.405168429     -0.263702127
-0.2790     -5.413807198     -0.262267537
-0.2780     -5.422399838     -0.260845477
-0.2770     -5.430946745     -0.259435803
-0.2760     -5.439448306     -0.258038371
-0.2750     -5.447904908     -0.256653041
-0.2740     -5.456316930     -0.255279674
-0.2730     -5.464684750     -0.253918134
-0.2720     -5.473008739     -0.252568285
-0.2710     -5.481289265     -0.251229994
-0.2700     -5.489526694     -0.249903131
-0.2690     -5.497721384     -0.248587566
-0.2680     -5.505873692     -0.247283172
-0.2670     -5.513983970     -0.245989824
-0.2660     -5.522052567     -0.244707397
-0.2650     -5.530079826     -0.243435769
-0.2640     -5.538066089     -0.242174821
-0.2630     -5.546011693     -0.240924433
-0.2620     -5.553916971     -0.239684489
-0.2610     -5.561782253     -0.238454872
-0.2600     -5.569607865     -0.237235469
-0.2590     -5.577394131     -0.236026168
-0.2580     -5.585141369     -0.234826858
-0.2570     -5.592849895     -0.233637429
-0.2560     -5.600520022     -0.232457774
-0.2550     -5.608152060     -0.231287787
-0.2540     -5.615746313     -0.230127362
-0.2530     -5.623303086     -0.228976397
-0.2520     -5.630822676     -0.227834788
-0.2510     -5.638305382     -0.226702436
-0.2500     -5.645751495     -0.225579241
-0.2490     -5.653161306     -0.224465105
-0.2480     -5.660535103     -0.223359931
-0.2470     -5.667873169     -0.222263625
-0.2460     -5.675175786     -0.221176090
-0.2450     -5.682443231     -0.220097236
-0.2440     -5.689675781     -0.219026970
-0.2430     -5.696873708     -0.217965201
-0.2420     -5.704037282     -0.216911841
-0.2410     -5.711166769     -0.215866801
-0.2400     -5.718262434     -0.214829994
-0.2390     -5.725324539     -0.213801334
-0.2380     -5.732353342     -0.212780737
-0.2370     -5.739349100     -0.211768119
-0.2360     -5.746312066     -0.210763397
-0.2350     -5.753242492     -0.209766490
-0.2340     -5.760140626     -0.208777318
-0.2330     -5.767006714     -0.207795800
-0.2320     -5.773841000     -0.206821860
-0.2310     -5.780643725     -0.205855418
-0.2300     -5.787415127     -0.204896399
-0.2290     -5.794155444     -0.203944728
-0.2280     -5.800864908     -0.203000329
-0.2270     -5.807543753     -0.202063130
-0.2260     -5.814192207     -0.201133058
-0.2250     -5.820810497     -0.200210040
-0.2240     -5.827398848     -0.199294007
-0.2230     -5.833957483     -0.198384888
-0.2220     -5.840486623     -0.197482614
-0.2210     -5.846986486     -0.196587117
-0.2200     -5.853457288     -0.195698329
-0.2190     -5.859899244     -0.194816185
-0.2180     -5.866312564     -0.193940618
-0.2170     -5.872697460     -0.193071564
-0.2160     -5.879054139     -0.192208958
-0.2150     -5.885382808     -0.191352737
-0.2140     -5.891683669     -0.190502839
-0.2130     -5.897956926     -0.189659201
-0.2120     -5.904202779     -0.188821764
-0.2110     -5.910421425     -0.187990466
-0.2100     -5.916613061     -0.187165248
-0.2090     -5.922777881     -0.186346051
-0.2080     -5.928916078     -0.185532817
-0.2070     -5.935027842     -0.184725489
-0.2060     -5.941113364     -0.183924010
-0.2050     -5.947172829     -0.183128323
-0.2040     -5.953206423     -0.182338374
-0.2030     -5.959214330     -0.181554108
-0.2020     -5.965196732     -0.180775470
-0.2010     -5.971153809     -0.180002408
-0.2000     -5.977085740     -0.179234868
-0.1990     -5.982992702     -0.178472799
-0.1980     -5.988874870     -0.177716148
-0.1970     -5.994732417     -0.176964865
-0.1960     -6.000565516     -0.176218900
-0.1950     -6.006374337     -0.175478202
-0.1940     -6.012159049     -0.174742722
-0.1930     -6.017919820     -0.174012413
-0.1920     -6.023656815     -0.173287225
-0.1910     -6.029370199     -0.172567111
-0.1900     -6.035060134     -0.171852025
-0.1890     -6.040726782     -0.171141920
-0.1880     -6.046370303     -0.170436750
-0.1870     -6.051990855     -0.169736470
-0.1860     -6.057588595     -0.169041035
-0.1850     -6.063163679     -0.168350400
-0.1840     -6.068716261     -0.167664522
-0.1830     -6.074246494     -0.166983358
-0.1820     -6.079754529     -0.166306864
-0.1810     -6.085240517     -0.165634999
-0.1800     -6.090704605     -0.164967720
-0.1790     -6.096146943     -0.164304986
-0.1780     -6.101567674     -0.163646757
-0.1770     -6.106966946     -0.162992991
-0.1760     -6.112344900     -0.162343649
-0.1750     -6.117701680     -0.161698691
-0.1740     -6.123037427     -0.161058079
-0.1730     -6.128352280     -0.160421773
-0.1720     -6.133646377     -0.159789735
-0.1710     -6.138919857     -0.159161927
-0.1700     -6.144172856     -0.158538312
-0.1690     -6.149405507     -0.157918853
-0.1680     -6.154617946     -0.157303514
-0.1670     -6.159810305     -0.156692257
-0.1660     -6.164982716     -0.156085048
-0.1650     -6.170135308     -0.155481851
-0.1640     -6.175268211     -0.154882631
-0.1630     -6.180381554     -0.154287354
-0.1620     -6.185475463     -0.153695984
-0.1610     -6.190550064     -0.153108489
-0.1600     -6.195605482     -0.152524834
-0.1590     -6.200641841     -0.151944987
-0.1580     -6.205659264     -0.151368914
-0.1570     -6.210657873     -0.150796584
-0.1560     -6.215637788     -0.150227964
-0.1550     -6.220599128     -0.149663023
-0.1540     -6.225542013     -0.149101728
-0.1530     -6.230466561     -0.148544050
-0.1520     -6.235372887     -0.147989956
-0.1510     -6.240261109     -0.147439418
-0.1500     -6.245131339     -0.146892404
-0.1490     -6.249983693     -0.146348884
-0.1480     -6.254818283     -0.145808831
-0.1470     -6.259635221     -0.145272213
-0.1460     -6.264434618     -0.144739003
-0.1450     -6.269216584     -0.144209172
-0.1440     -6.273981228     -0.143682692
-0.1430     -6.278728658     -0.143159534
-0.1420     -6.283458982     -0.142639671
-0.1410     -6.288172307     -0.142123075
-0.1400     -6.292868738     -0.141609720
-0.1390     -6.297548379     -0.141099579
-0.1380     -6.302211335     -0.140592625
-0.1370     -6.306857708     -0.140088832
-0.1360     -6.311487601     -0.139588174
-0.1350     -6.316101115     -0.139090625
-0.1340     -6.320698352     -0.138596160
-0.1330     -6.325279409     -0.138104753
-0.1320     -6.329844387     -0.137616380
-0.1310     -6.334393384     -0.137131015
-0.1300     -6.338926497     -0.136648636
-0.1290     -6.343443822     -0.136169216
-0.1280     -6.347945456     -0.135692733
-0.1270     -6.352431493     -0.135219162
-0.1260     -6.356902028     -0.134748480
-0.1250     -6.361357155     -0.134280665
-0.1240     -6.365796965     -0.133815692
-0.1230     -6.370221552     -0.133353539
-0.1220     -6.374631006     -0.132894184
-0.1210     -6.379025418     -0.132437604
-0.1200     -6.383404878     -0.131983778
-0.1190     -6.387769475     -0.131532682
-0.1180     -6.392119299     -0.131084297
-0.1170     -6.396454435     -0.130638600
-0.1160     -6.400774973     -0.130195569
-0.1150     -6.405080997     -0.129755185
-0.1140     -6.409372595     -0.129317426
-0.1130     -6.413649850     -0.128882271
-0.1120     -6.417912848     -0.128449701
-0.1110     -6.422161672     -0.128019694
-0.1100     -6.426396406     -0.127592232
-0.1090     -6.430617131     -0.127167293
-0.1080     -6.434823931     -0.126744860
-0.1070     -6.439016885     -0.126324911
-0.1060     -6.443196075     -0.125907428
-0.1050     -6.447361580     -0.125492392
-0.1040     -6.451513481     -0.125079784
-0.1030     -6.455651855     -0.124669585
-0.1020     -6.459776782     -0.124261776
-0.1010     -6.463888338     -0.123856341
-0.1000     -6.467986601     -0.123453259
-0.0990     -6.472071647     -0.123052514
-0.0980     -6.476143552     -0.122654087
-0.0970     -6.480202391     -0.122257961
-0.0960     -6.484248239     -0.121864118
-0.0950     -6.488281170     -0.121472542
-0.0940     -6.492301258     -0.121083214
-0.0930     -6.496308576     -0.120696118
-0.0920     -6.500303196     -0.120311238
-0.0910     -6.504285190     -0.119928555
-0.0900     -6.508254630     -0.119548055
-0.0890     -6.512211586     -0.119169720
-0.0880     -6.516156129     -0.118793535
-0.0870     -6.520088329     -0.118419483
-0.0860     -6.524008256     -0.118047548
-0.0850     -6.527915977     -0.117677715
-0.0840     -6.531811562     -0.117309969
-0.0830     -6.535695077     -0.116944292
-0.0820     -6.539566592     -0.116580672
-0.0810     -6.543426171     -0.116219091
-0.0800     -6.547273882     -0.115859535
-0.0790     -6.551109791     -0.115501990
-0.0780     -6.554933962     -0.115146440
-0.0770     -6.558746462     -0.114792871
-0.0760     -6.562547353     -0.114441269
-0.0750     -6.566336701     -0.114091618
-0.0740     -6.570114569     -0.113743906
-0.0730     -6.573881019     -0.113398117
-0.0720     -6.577636115     -0.113054238
-0.0710     -6.581379918     -0.112712254
-0.0700     -6.585112491     -0.112372153
-0.0690     -6.588833894     -0.112033921
-0.0680     -6.592544189     -0.111697544
-0.0670     -6.596243435     -0.111363008
-0.0660     -6.599931693     -0.111030301
-0.0650     -6.603609023     -0.110699410
-0.0640     -6.607275482     -0.110370321
-0.0630     -6.610931131     -0.110043022
-0.0620     -6.614576028     -0.109717499
-0.0610     -6.618210229     -0.109393741
-0.0600     -6.621833793     -0.109071735
-0.0590     -6.625446778     -0.108751467
-0.0580     -6.629049238     -0.108432927
-0.0570     -6.632641231     -0.108116102
-0.0560     -6.636222813     -0.107800979
-0.0550     -6.639794039     -0.107487547
-0.0540     -6.643354964     -0.107175794
-0.0530     -6.646905644     -0.106865708
-0.0520     -6.650446131     -0.106557278
-0.0510     -6.653976480     -0.106250491
-0.0500     -6.657496746     -0.105945336
-0.0490     -6.661006980     -0.105641803
-0.0480     -6.664507237     -0.105339879
-0.0470     -6.667997567     -0.105039554
-0.0460     -6.671478024     -0.104740817
-0.0450     -6.674948660     -0.104443656
-0.0440     -6.678409525     -0.104148060
-0.0430     -6.681860670     -0.103854020
-0.0420     -6.685302148     -0.103561523
-0.0410     -6.688734007     -0.103270561
-0.0400     -6.692156297     -0.102981121
-0.0390     -6.695569070     -0.102693194
-0.0380     -6.698972373     -0.102406769
-0.0370     -6.702366256     -0.102121836
-0.0360     -6.705750768     -0.101838386
-0.0350     -6.709125957     -0.101556407
-0.0340     -6.712491871     -0.101275890
-0.0330     -6.715848557     -0.100996825
-0.0320     -6.719196064     -0.100719202
-0.0310     -6.722534437     -0.100443012
-0.0300     -6.725863725     -0.100168244
-0.0290     -6.729183973     -0.099894890
-0.0280     -6.732495228     -0.099622939
-0.0270     -6.735797535     -0.099352383
-0.0260     -6.739090940     -0.099083212
-0.0250     -6.742375488     -0.098815416
-0.0240     -6.745651224     -0.098548988
-0.0230     -6.748918192     -0.098283916
-0.0220     -6.752176438     -0.098020194
-0.0210     -6.755426005     -0.097757810
-0.0200     -6.758666937     -0.097496758
-0.0190     -6.761899277     -0.097237027
-0.0180     -6.765123068     -0.096978610
-0.0170     -6.768338354     -0.096721497
-0.0160     -6.771545177     -0.096465680
-0.0150     -6.774743579     -0.096211151
-0.0140     -6.777933603     -0.095957901
-0.0130     -6.781115289     -0.095705921
-0.0120     -6.784288681     -0.095455204
-0.0110     -6.787453819     -0.095205741
-0.0100     -6.790610743     -0.094957524
-0.0090     -6.793759496     -0.094710544
-0.0080     -6.796900116     -0.094464795
-0.0070     -6.800032645     -0.094220268
-0.0060     -6.803157123     -0.093976954
-0.0050     -6.806273588     -0.093734847
-0.0040     -6.809382081     -0.093493938
-0.0030     -6.812482641     -0.093254220
-0.0020     -6.815575306     -0.093015685
-0.0010     -6.818660115     -0.092778325
 0.0000     -6.821737108     -0.092542134
 0.0010     -6.824806321     -0.092307103
 0.0020     -6.827867793     -0.092073225
 0.0030     -6.830921562     -0.091840492
 0.0040     -6.833967665     -0.091608899
 0.0050     -6.837006139     -0.091378436
 0.0060     -6.840037021     -0.091149098
 0.0070     -6.843060349     -0.090920877
 0.0080     -6.846076158     -0.090693765
 0.0090     -6.849084486     -0.090467757
 0.0100     -6.852085367     -0.090242844
 0.0110     -6.855078839     -0.090019021
 0.0120     -6.858064936     -0.089796280
 0.0130     -6.861043694     -0.089574614
 0.0140     -6.864015148     -0.089354017
 0.0150     -6.866979333     -0.089134483
 0.0160     -6.869936285     -0.088916004
 0.0170     -6.872886037     -0.088698574
 0.0180     -6.875828624     -0.088482186
 0.0190     -6.878764079     -0.088266834
 0.0200     -6.881692438     -0.088052512
 0.0210     -6.884613734     -0.087839213
 0.0220     -6.887527999     -0.087626931
 0.0230     -6.890435268     -0.087415660
 0.0240     -6.893335573     -0.087205393
 0.0250     -6.896228948     -0.086996124
 0.0260     -6.899115425     -0.086787848
 0.0270     -6.901995036     -0.086580558
 0.0280     -6.904867815     -0.086374247
 0.0290     -6.907733792     -0.086168911
 0.0300     -6.910593001     -0.085964543
 0.0310     -6.913445471     -0.085761137
 0.0320     -6.916291236     -0.085558688
 0.0330     -6.919130327     -0.085357190
 0.0340     -6.921962774     -0.085156636
 0.0350     -6.924788609     -0.084957021
 0.0360     -6.927607862     -0.084758340
 0.0370     -6.930420564     -0.084560588
 0.0380     -6.933226745     -0.084363757
 0.0390     -6.936026436     -0.084167843
 0.0400     -6.938819666     -0.083972841
 0.0410     -6.941606466     -0.083778744
 0.0420     -6.944386865     -0.083585549
 0.0430     -6.947160893     -0.083393248
 0.0440     -6.949928579     -0.083201837
 0.0450     -6.952689952     -0.083011311
 0.0460     -6.955445041     -0.082821664
 0.0470     -6.958193875     -0.082632891
 0.0480     -6.960936482     -0.082444987
 0.0490     -6.963672892     -0.082257947
 0.0500     -6.966403133     -0.082071765
 0.0510     -6.969127232     -0.081886438
 0.0520     -6.971845217     -0.081701959
 0.0530     -6.974557117     -0.081518324
 0.0540     -6.977262959     -0.081335528
 0.0550     -6.979962771     -0.081153565
 0.0560     -6.982656579     -0.080972432
 0.0570     -6.985344412     -0.080792123
 0.0580     -6.988026296     -0.080612634
 0.0590     -6.990702257     -0.080433959
 0.0600     -6.993372324     -0.080256094
 0.0610     -6.996036522     -0.080079035
 0.0620     -6.998694877     -0.079902776
 0.0630     -7.001347417     -0.079727314
 0.0640     -7.003994166     -0.079552643
 0.0650     -7.006635152     -0.079378759
 0.0660     -7.009270399     -0.079205658
 0.0670     -7.011899934     -0.079033335
 0.0680     -7.014523782     -0.078861785
 0.0690     -7.017141968     -0.078691005
 0.0700     -7.019754518     -0.078520989
 0.0710     -7.022361457     -0.078351735
 0.0720     -7.024962809     -0.078183236
 0.0730     -7.027558600     -0.078015489
 0.0740     -7.030148853     -0.077848491
 0.0750     -7.032733595     -0.077682235
 0.0760     -7.035312848     -0.077516719
 0.0770     -7.037886638     -0.077351939
 0.0780     -7.040454987     -0.077187890
 0.0790     -7.043017922     -0.077024567
 0.0800     -7.045575464     -0.076861968
 0.0810     -7.048127638     -0.076700088
 0.0820     -7.050674468     -0.076538923
 0.0830     -7.053215977     -0.076378469
 0.0840     -7.055752187     -0.076218723
 0.0850     -7.058283124     -0.076059679
 0.0860     -7.060808808     -0.075901335
 0.0870     -7.063329264     -0.075743687
 0.0880     -7.065844514     -0.075586731
 0.0890     -7.068354581     -0.075430463
 0.0900     -7.070859487     -0.075274879
 0.0910     -7.073359254     -0.075119976
 0.0920     -7.075853906     -0.074965750
 0.0930     -7.078343464     -0.074812198
 0.0940     -7.080827950     -0.074659315
 0.0950     -7.083307386     -0.074507098
 0.0960     -7.085781795     -0.074355544
 0.0970     -7.088251196     -0.074204649
 0.0980     -7.090715613     -0.074054410
 0.0990     -7.093175066     -0.073904823
 0.1000     -7.095629577     -0.073755884
 0.1010     -7.098079167     -0.073607590
 0.1020     -7.100523857     -0.073459939
 0.1030     -7.102963668     -0.073312926
 0.1040     -7.105398621     -0.073166547
 0.1050     -7.107828736     -0.073020801
 0.1060     -7.110254034     -0.072875683
 0.1070     -7.112674536     -0.072731190
 0.1080     -7.115090261     -0.072587320
 0.1090     -7.117501231     -0.072444067
 0.1100     -7.119907464     -0.072301431
 0.1110     -7.122308982     -0.072159406
 0.1120     -7.124705804     -0.072017990
 0.1130     -7.127097949     -0.071877180
 0.1140     -7.129485438     -0.071736973
 0.1150     -7.131868289     -0.071597365
 0.1160     -7.134246523     -0.071458353
 0.1170     -7.136620158     -0.071319934
 0.1180     -7.138989214     -0.071182105
 0.1190     -7.141353710     -0.071044863
 0.1200     -7.143713665     -0.070908204
 0.1210     -7.146069097     -0.070772125
 0.1220     -7.148420027     -0.070636624
 0.1230     -7.150766472     -0.070501696
 0.1240     -7.153108451     -0.070367338
 0.1250     -7.155445982     -0.070233548
 0.1260     -7.157779085     -0.070100322
 0.1270     -7.160107779     -0.069967656
 0.1280     -7.162432080     -0.069835549
 0.1290     -7.164752008     -0.069703995
 0.1300     -7.167067582     -0.069572993
 0.1310     -7.169378819     -0.069442539
 0.1320     -7.171685739     -0.069312630
 0.1330     -7.173988359     -0.069183263
 0.1340     -7.176286697     -0.069054434
 0.1350     -7.178580773     -0.068926142
 0.1360     -7.180870604     -0.068798383
 0.1370     -7.183156208     -0.068671154
 0.1380     -7.185437604     -0.068544454
 0.1390     -7.187714809     -0.068418279
 0.1400     -7.189987842     -0.068292627
 0.1410     -7.192256720     -0.068167495
 0.1420     -7.194521462     -0.068042882
 0.1430     -7.196782084     -0.067918786
 0.1440     -7.199038604     -0.067795205
 0.1450     -7.201291039     -0.067672136
 0.1460     -7.203539408     -0.067549577
 0.1470     -7.205783726     -0.067427528
 0.1480     -7.208024010     -0.067305987
 0.1490     -7.210260278     -0.067184950
 0.1500     -7.212492546     -0.067064418
 0.1510     -7.214720830     -0.066944389
 0.1520     -7.216945146     -0.066824860
 0.1530     -7.219165511     -0.066705830
 0.1540     -7.221381942     -0.066587297
 0.1550     -7.223594453     -0.066469261
 0.1560     -7.225803060     -0.066351719
 0.1570     -7.228007780     -0.066234671
 0.1580     -7.230208627     -0.066118113
 0.1590     -7.232405618     -0.066002045
 0.1600     -7.234598768     -0.065886466
 0.1610     -7.236788092     -0.065771373
 0.1620     -7.238973605     -0.065656766
 0.1630     -7.241155323     -0.065542642
 0.1640     -7.243333261     -0.065429001
 0.1650     -7.245507433     -0.065315840
 0.1660     -7.247677855     -0.065203160
 0.1670     -7.249844541     -0.065090957
 0.1680     -7.252007506     -0.064979232
 0.1690     -7.254166764     -0.064867982
 0.1700     -7.256322331     -0.064757207
 0.1710     -7.258474221     -0.064646905
 0.1720     -7.260622448     -0.064537076
 0.1730     -7.262767026     -0.064427719
 0.1740     -7.264907970     -0.064318831
 0.1750     -7.267045293     -0.064210414
 0.1760     -7.269179010     -0.064102465
 0.1770     -7.271309133     -0.063994985
 0.1780     -7.273435678     -0.063887972
 0.1790     -7.275558657     -0.063781426
 0.1800     -7.277678085     -0.063675347
 0.1810     -7.279793973     -0.063569734
 0.1820     -7.281906335     -0.063464587
 0.1830     -7.284015185     -0.063359906
 0.1840     -7.286120534     -0.063255690
 0.1850     -7.288222396     -0.063151941
 0.1860     -7.290320783     -0.063048656
 0.1870     -7.292415706     -0.062945838
 0.1880     -7.294507178     -0.062843486
 0.1890     -7.296595211     -0.062741601
 0.1900     -7.298679815     -0.062640183
 0.1910     -7.300761002     -0.062539232
 0.1920     -7.302838782     -0.062438750
 0.1930     -7.304913167     -0.062338736
 0.1940     -7.306984165     -0.062239192
 0.1950     -7.309051787     -0.062140118
 0.1960     -7.311116041     -0.062041516
 0.1970     -7.313176938     -0.061943385
 0.1980     -7.315234484     -0.061845727
 0.1990     -7.317288689     -0.061748542
 0.2000     -7.319339558     -0.061651831
 0.2010     -7.321387099     -0.061555594
 0.2020     -7.323431319     -0.061459832
 0.2030     -7.325472221     -0.061364544
 0.2040     -7.327509813     -0.061269730
 0.2050     -7.329544097     -0.061175390
 0.2060     -7.331575077     -0.061081522
 0.2070     -7.333602756     -0.060988124
 0.2080     -7.335627136     -0.060895195
 0.2090     -7.337648219     -0.060802730
 0.2100     -7.339666006     -0.060710725
 0.2110     -7.341680495     -0.060619176
 0.2120     -7.343691689     -0.060528076
 0.2130     -7.345699584     -0.060437416
 0.2140     -7.347704181     -0.060347189
 0.2150     -7.349705478     -0.060257382
 0.2160     -7.351703474     -0.060167983
 0.2170     -7.353698168     -0.060078978
 0.2180     -7.355689558     -0.059990349
 0.2190     -7.357677646     -0.059902078
 0.2200     -7.359662432     -0.059814144
 0.2210     -7.361643920     -0.059726524
 0.2220     -7.363622114     -0.059639192
 0.2230     -7.365597020     -0.059552123
 0.2240     -7.367568650     -0.059465286
 0.2250     -7.369537015     -0.059378653
 0.2260     -7.371502132     -0.059292192
 0.2270     -7.373464020     -0.059205872
 0.2280     -7.375422703     -0.059119662
 0.2290     -7.377378210     -0.059033531
 0.2300     -7.379330573     -0.058947451
 0.2310     -7.381279826     -0.058861395
 0.2320     -7.383226011     -0.058775339
 0.2330     -7.385169169     -0.058689263
 0.2340     -7.387109346     -0.058603151
 0.2350     -7.389046589     -0.058516991
 0.2360     -7.390980948     -0.058430776
 0.2370     -7.392912470     -0.058344506
 0.2380     -7.394841206     -0.058258182
 0.2390     -7.396767201     -0.058171815
 0.2400     -7.398690501     -0.058085416
 0.2410     -7.400611149     -0.057999002
 0.2420     -7.402529184     -0.057912595
 0.2430     -7.404444642     -0.057826219
 0.2440     -7.406357554     -0.057739897
 0.2450     -7.408267948     -0.057653659
 0.2460     -7.410175846     -0.057567533
 0.2470     -7.412081268     -0.057481546
 0.2480     -7.413984229     -0.057395726
 0.2490     -7.415884741     -0.057310101
 0.2500     -7.417782812     -0.057224697
 0.2510     -7.419678449     -0.057139537
 0.2520     -7.421571655     -0.057054643
 0.2530     -7.423462430     -0.056970037
 0.2540     -7.425350775     -0.056885736
 0.2550     -7.427236689     -0.056801755
 0.2560     -7.429120168     -0.056718110
 0.2570     -7.431001209     -0.056634811
 0.2580     -7.432879811     -0.056551868
 0.2590     -7.434755968     -0.056469290
 0.2600     -7.436629678     -0.056387084
 0.2610     -7.438500937     -0.056305253
 0.2620     -7.440369743     -0.056223801
 0.2630     -7.442236093     -0.056142731
 0.2640     -7.444099986     -0.056062044
 0.2650     -7.445961419     -0.055981741
 0.2660     -7.447820393     -0.055901820
 0.2670     -7.449676907     -0.055822280
 0.2680     -7.451530961     -0.055743121
 0.2690     -7.453382558     -0.055664339
 0.2700     -7.455231697     -0.055585931
 0.2710     -7.457078382     -0.055507896
 0.2720     -7.458922615     -0.055430229
 0.2730     -7.460764399     -0.055352928
 0.2740     -7.462603738     -0.055275987
 0.2750     -7.464440636     -0.055199405
 0.2760     -7.466275098     -0.055123177
 0.2770     -7.468107128     -0.055047299
 0.2780     -7.469936731     -0.054971767
 0.2790     -7.471763913     -0.054896578
 0.2800     -7.473588680     -0.054821728
 0.2810     -7.475411038     -0.054747213
 0.2820     -7.477230992     -0.054673029
 0.2830     -7.479048550     -0.054599173
 0.2840     -7.480863719     -0.054525641
 0.2850     -7.482676504     -0.054452430
 0.2860     -7.484486914     -0.054379536
 0.2870     -7.486294954     -0.054306956
 0.2880     -7.488100633     -0.054234687
 0.2890     -7.489903958     -0.054162725
 0.2900     -7.491704936     -0.054091068
 0.2910     -7.493503575     -0.054019712
 0.2920     -7.495299882     -0.053948654
 0.2930     -7.497093865     -0.053877893
 0.2940     -7.498885532     -0.053807424
 0.2950     -7.500674890     -0.053737245
 0.2960     -7.502461947     -0.053667354
 0.2970     -7.504246711     -0.053597748
 0.2980     -7.506029190     -0.053528425
 0.2990     -7.507809392     -0.053459382
 0.3000     -7.509587324     -0.053390616
 0.3010     -7.511362995     -0.053322125
 0.3020     -7.513136411     -0.053253908
 0.3030     -7.514907583     -0.053185961
 0.3040     -7.516676516     -0.053118282
 0.3050     -7.518443219     -0.053050870
 0.3060     -7.520207700     -0.052983722
 0.3070     -7.521969966     -0.052916836
 0.3080     -7.523730027     -0.052850210
 0.3090     -7.525487889     -0.052783842
 0.3100     -7.527243561     -0.052717730
 0.3110     -7.528997050     -0.052651872
 0.3120     -7.530748365     -0.052586266
 0.3130     -7.532497514     -0.052520910
 0.3140     -7.534244504     -0.052455803
 0.3150     -7.535989343     -0.052390942
 0.3160     -7.537732040     -0.052326326
 0.3170     -7.539472602     -0.052261953
 0.3180     -7.541211038     -0.052197821
 0.3190     -7.542947356     -0.052133930
 0.3200     -7.544681563     -0.052070277
 0.3210     -7.546413667     -0.052006862
 0.3220     -7.548143676     -0.051943682
 0.3230     -7.549871599     -0.051880736
 0.3240     -7.551597442     -0.051818024
 0.3250     -7.553321215     -0.051755544
 0.3260     -7.555042924     -0.051693295
 0.3270     -7.556762577     -0.051631275
 0.3280     -7.558480182     -0.051569485
 0.3290     -7.560195746     -0.051507922
 0.3300     -7.561909278     -0.051446586
 0.3310     -7.563620784     -0.051385475
 0.3320     -7.565330272     -0.051324590
 0.3330     -7.567037749     -0.051263928
 0.3340     -7.568743223     -0.051203489
 0.3350     -7.570446701     -0.051143273
 0.3360     -7.572148190     -0.051083278
 0.3370     -7.573847697     -0.051023503
 0.3380     -7.575545230     -0.050963947
 0.3390     -7.577240795     -0.050904611
 0.3400     -7.578934399     -0.050845491
 0.3410     -7.580626050     -0.050786589
 0.3420     -7.582315754     -0.050727902
 0.3430     -7.584003518     -0.050669431
 0.3440     -7.585689350     -0.050611173
 0.3450     -7.587373256     -0.050553129
 0.3460     -7.589055243     -0.050495297
 0.3470     -7.590735317     -0.050437676
 0.3480     -7.592413486     -0.050380265
 0.3490     -7.594089756     -0.050323064
 0.3500     -7.595764135     -0.050266072
 0.3510     -7.597436628     -0.050209287
 0.3520     -7.599107242     -0.050152709
 0.3530     -7.600775985     -0.050096337
 0.3540     -7.602442863     -0.050040170
 0.3550     -7.604107882     -0.049984207
 0.3560     -7.605771049     -0.049928447
 0.3570     -7.607432370     -0.049872889
 0.3580     -7.609091853     -0.049817533
 0.3590     -7.610749503     -0.049762377
 0.3600     -7.612405328     -0.049707422
 0.3610     -7.614059334     -0.049652665
 0.3620     -7.615711527     -0.049598106
 0.3630     -7.617361913     -0.049543744
 0.3640     -7.619010500     -0.049489578
 0.3650     -7.620657293     -0.049435608
 0.3660     -7.622302299     -0.049381833
 0.3670     -7.623945524     -0.049328251
 0.3680     -7.625586975     -0.049274863
 0.3690     -7.627226658     -0.049221666
 0.3700     -7.628864579     -0.049168661
 0.3710     -7.630500745     -0.049115847
 0.3720     -7.632135161     -0.049063223
 0.3730     -7.633767834     -0.049010788
 0.3740     -7.635398771     -0.048958541
 0.3750     -7.637027977     -0.048906482
 0.3760     -7.638655459     -0.048854609
 0.3770     -7.640281222     -0.048802923
 0.3780     -7.641905273     -0.048751422
 0.3790     -7.643527618     -0.048700105
 0.3800     -7.645148263     -0.048648972
 0.3810     -7.646767214     -0.048598023
 0.3820     -7.648384477     -0.048547256
 0.3830     -7.650000058     -0.048496670
 0.3840     -7.651613964     -0.048446265
 0.3850     -7.653226199     -0.048396041
 0.3860     -7.654836770     -0.048345996
 0.3870     -7.656445683     -0.048296131
 0.3880     -7.658052943     -0.048246443
 0.3890     -7.659658558     -0.048196933
 0.3900     -7.661262532     -0.048147599
 0.3910     -7.662864871     -0.048098442
 0.3920     -7.664465581     -0.048049460
 0.3930     -7.666064668     -0.048000653
 0.3940     -7.667662138     -0.047952020
 0.3950     -7.669257996     -0.047903560
 0.3960     -7.670852248     -0.047855274
 0.3970     -7.672444901     -0.047807159
 0.3980     -7.674035958     -0.047759216
 0.3990     -7.675625427     -0.047711444
 0.4000     -7.677213313     -0.047663842
 0.4010     -7.678799621     -0.047616410
 0.4020     -7.680384357     -0.047569147
 0.4030     -7.681967527     -0.047522052
 0.4040     -7.683549136     -0.047475125
 0.4050     -7.685129190     -0.047428365
 0.4060     -7.686707694     -0.047381771
 0.4070     -7.688284654     -0.047335344
 0.4080     -7.689860075     -0.047289081
 0.4090     -7.691433963     -0.047242984
 0.4100     -7.693006322     -0.047197050
 0.4110     -7.694577160     -0.047151280
 0.4120     -7.696146480     -0.047105673
 0.4130     -7.697714289     -0.047060228
 0.4140     -7.699280591     -0.047014945
 0.4150     -7.700845393     -0.046969823
 0.4160     -7.702408699     -0.046924862
 0.4170     -7.703970514     -0.046880061
 0.4180     -7.705530845     -0.046835419
 0.4190     -7.707089696     -0.046790936
 0.4200     -7.708647072     -0.046746611
 0.4210     -7.710202979     -0.046702444
 0.4220     -7.711757422     -0.046658435
 0.4230     -7.713310406     -0.046614582
 0.4240     -7.714861937     -0.046570885
 0.4250     -7.716412019     -0.046527343
 0.4260     -7.717960657     -0.046483957
 0.4270     -7.719507858     -0.046440725
 0.4280     -7.721053625     -0.046397647
 0.4290     -7.722597964     -0.046354722
 0.4300     -7.724140881     -0.046311951
 0.4310     -7.725682379     -0.046269331
 0.4320     -7.727222465     -0.046226864
 0.4330     -7.728761142     -0.046184547
 0.4340     -7.730298417     -0.046142382
 0.4350     -7.731834294     -0.046100366
 0.4360     -7.733368778     -0.046058501
 0.4370     -7.734901875     -0.046016785
 0.4380     -7.736433588     -0.045975217
 0.4390     -7.737963923     -0.045933798
 0.4400     -7.739492885     -0.045892526
 0.4410     -7.741020479     -0.045851401
 0.4420     -7.742546710     -0.045810424
 0.4430     -7.744071581     -0.045769592
 0.4440     -7.745595100     -0.045728906
 0.4450     -7.747117269     -0.045688366
 0.4460     -7.748638094     -0.045647970
 0.4470     -7.750157580     -0.045607718
 0.4480     -7.751675731     -0.045567610
 0.4490     -7.753192553     -0.045527646
 0.4500     -7.754708050     -0.045487824
 0.4510     -7.756222226     -0.045448145
 0.4520     -7.757735087     -0.045408607
 0.4530     -7.759246637     -0.045369211
 0.4540     -7.760756881     -0.045329956
 0.4550     -7.762265823     -0.045290842
 0.4560     -7.763773468     -0.045251867
 0.4570     -7.765279821     -0.045213032
 0.4580     -7.766784887     -0.045174336
 0.4590     -7.768288669     -0.045135779
 0.4600     -7.769791174     -0.045097360
 0.4610     -7.771292404     -0.045059079
 0.4620     -7.772792365     -0.045020935
 0.4630     -7.774291061     -0.044982928
 0.4640     -7.775788497     -0.044945057
 0.4650     -7.777284677     -0.044907322
 0.4660     -7.778779606     -0.044869723
 0.4670     -7.780273289     -0.044832259
 0.4680     -7.781765729     -0.044794929
 0.4690     -7.783256931     -0.044757734
 0.4700     -7.784746900     -0.044720673
 0.4710     -7.786235640     -0.044683745
 0.4720     -7.787723156     -0.044646950
 0.4730     -7.789209452     -0.044610287
 0.4740     -7.790694532     -0.044573757
 0.4750     -7.792178400     -0.044537358
 0.4760     -7.793661062     -0.044501091
 0.4770     -7.795142521     -0.044464955
 0.4780     -7.796622782     -0.044428949
 0.4790     -7.798101849     -0.044393073
 0.4800     -7.799579726     -0.044357326
 0.4810     -7.801056418     -0.044321709
 0.4820     -7.802531929     -0.044286221
 0.4830     -7.804006263     -0.044250861
 0.4840     -7.805479424     -0.044215630
 0.4850     -7.806951417     -0.044180525
 0.4860     -7.808422247     -0.044145549
 0.4870     -7.809891916     -0.044110699
 0.4880     -7.811360429     -0.044075975
 0.4890     -7.812827792     -0.044041378
 0.4900     -7.814294006     -0.044006906
 0.4910     -7.815759078     -0.043972560
 0.4920     -7.817223011     -0.043938338
 0.4930     -7.818685809     -0.043904241
 0.4940     -7.820147476     -0.043870268
 0.4950     -7.821608017     -0.043836419
 0.4960     -7.823067435     -0.043802694
 0.4970     -7.824525734     -0.043769091
 0.4980     -7.825982920     -0.043735611
 0.4990     -7.827438995     -0.043702254
 0.5000     -7.828893964     -0.043669018
 0.5010     -7.830347830     -0.043635904
 0.5020     -7.831800599     -0.043602911
 0.5030     -7.833252273     -0.043570039
 0.5040     -7.834702857     -0.043537288
 0.5050     -7.836152356     -0.043504656
 0.5060     -7.837600772     -0.043472145
 0.5070     -7.839048109     -0.043439753
 0.5080     -7.840494373     -0.043407480
 0.5090     -7.841939566     -0.043375325
 0.5100     -7.843383693     -0.043343289
 0.5110     -7.844826758     -0.043311371
 0.5120     -7.846268764     -0.043279571
 0.5130     -7.847709715     -0.043247888
 0.5140     -7.849149616     -0.043216322
 0.5150     -7.850588469     -0.043184872
 0.5160     -7.852026280     -0.043153539
 0.5170     -7.853463052     -0.043122322
 0.5180     -7.854898788     -0.043091221
 0.5190     -7.856333493     -0.043060235
 0.5200     -7.857767170     -0.043029363
 0.5210     -7.859199823     -0.042998607
 0.5220     -7.860631457     -0.042967965
 0.5230     -7.862062074     -0.042937436
 0.5240     -7.863491679     -0.042907022
 0.5250     -7.864920274     -0.042876721
 0.5260     -7.866347865     -0.042846533
 0.5270     -7.867774455     -0.042816457
 0.5280     -7.869200048     -0.042786494
 0.5290     -7.870624646     -0.042756643
 0.5300     -7.872048255     -0.042726904
 0.5310     -7.873470877     -0.042697276
 0.5320     -7.874892517     -0.042667759
 0.5330     -7.876313177     -0.042638353
 0.5340     -7.877732863     -0.042609058
 0.5350     -7.879151577     -0.042579872
 0.5360     -7.880569322     -0.042550797
 0.5370     -7.881986104     -0.042521831
 0.5380     -7.883401925     -0.042492975
 0.5390     -7.884816789     -0.042464227
 0.5400     -7.886230699     -0.042435589
 0.5410     -7.887643660     -0.042407058
 0.5420     -7.889055674     -0.042378636
 0.5430     -7.890466745     -0.042350321
 0.5440     -7.891876878     -0.042322114
 0.5450     -7.893286075     -0.042294015
 0.5460     -7.894694340     -0.042266022
 0.5470     -7.896101677     -0.042238135
 0.5480     -7.897508088     -0.042210355
 0.5490     -7.898913579     -0.042182682
 0.5500     -7.900318151     -0.042155114
 0.5510     -7.901721809     -0.042127651
 0.5520     -7.903124556     -0.042100294
 0.5530     -7.904526396     -0.042073041
 0.5540     -7.905927332     -0.042045893
 0.5550     -7.907327368     -0.042018850
 0.5560     -7.908726506     -0.041991910
 0.5570     -7.910124752     -0.041965075
 0.5580     -7.911522107     -0.041938343
 0.5590     -7.912918575     -0.041911714
 0.5600     -7.914314160     -0.041885189
 0.5610     -7.915708866     -0.041858766
 0.5620     -7.917102695     -0.041832445
 0.5630     -7.918495651     -0.041806227
 0.5640     -7.919887737     -0.041780110
 0.5650     -7.921278958     -0.041754096
 0.5660     -7.922669315     -0.041728182
 0.5670     -7.924058813     -0.041702370
 0.5680     -7.925447455     -0.041676659
 0.5690     -7.926835244     -0.041651048
 0.5700     -7.928222183     -0.041625538
 0.5710     -7.929608277     -0.041600128
 0.5720     -7.930993528     -0.041574818
 0.5730     -7.932377939     -0.041549607
 0.5740     -7.933761514     -0.041524496
 0.5750     -7.935144256     -0.041499484
 0.5760     -7.936526168     -0.041474570
 0.5770     -7.937907254     -0.041449756
 0.5780     -7.939287518     -0.041425039
 0.5790     -7.940666961     -0.041400421
 0.5800     -7.942045588     -0.041375901
 0.5810     -7.943423401     -0.041351478
 0.5820     -7.944800405     -0.041327153
 0.5830     -7.946176601     -0.041302925
 0.5840     -7.947551994     -0.041278793
 0.5850     -7.948926587     -0.041254759
 0.5860     -7.950300382     -0.041230821
 0.5870     -7.951673384     -0.041206979
 0.5880     -7.953045594     -0.041183233
 0.5890     -7.954417017     -0.041159583
 0.5900     -7.955787656     -0.041136028
 0.5910     -7.957157513     -0.041112568
 0.5920     -7.958526592     -0.041089204
 0.5930     -7.959894897     -0.041065934
 0.5940     -7.961262429     -0.041042760
 0.5950     -7.962629193     -0.041019679
 0.5960     -7.963995191     -0.040996692
 0.5970     -7.965360427     -0.040973800
 0.5980     -7.966724904     -0.040951001
 0.5990     -7.968088624     -0.040928296
 0.6000     -7.969451591     -0.040905684
 0.6010     -7.970813808     -0.040883165
 0.6020     -7.972175279     -0.040860738
 0.6030     -7.973536005     -0.040838405
 0.6040     -7.974895991     -0.040816163
 0.6050     -7.976255239     -0.040794014
 0.6060     -7.977613752     -0.040771957
 0.6070     -7.978971534     -0.040749992
 0.6080     -7.980328587     -0.040728118
 0.6090     -7.981684915     -0.040706335
 0.6100     -7.983040520     -0.040684644
 0.6110     -7.984395406     -0.040663044
 0.6120     -7.985749575     -0.040641534
 0.6130     -7.987103031     -0.040620115
 0.6140     -7.988455776     -0.040598786
 0.6150     -7.989807814     -0.040577547
 0.6160     -7.991159148     -0.040556398
 0.6170     -7.992509780     -0.040535339
 0.6180     -7.993859714     -0.040514369
 0.6190     -7.995208952     -0.040493488
 0.6200     -7.996557497     -0.040472697
 0.6210     -7.997905353     -0.040451995
 0.6220     -7.999252522     -0.040431381
 0.6230     -8.000599008     -0.040410856
 0.6240     -8.001944813     -0.040390419
 0.6250     -8.003289940     -0.040370070
 0.6260     -8.004634392     -0.040349809
 0.6270     -8.005978172     -0.040329636
 0.6280     -8.007321283     -0.040309550
 0.6290     -8.008663727     -0.040289552
 0.6300     -8.010005509     -0.040269641
 0.6310     -8.011346630     -0.040249817
 0.6320     -8.012687093     -0.040230080
 0.6330     -8.014026902     -0.040210430
 0.6340     -8.015366059     -0.040190866
 0.6350     -8.016704568     -0.040171388
 0.6360     -8.018042430     -0.040151996
 0.6370     -8.019379649     -0.040132690
 0.6380     -8.020716228     -0.040113470
 0.6390     -8.022052169     -0.040094336
 0.6400     -8.023387476     -0.040075286
 0.6410     -8.024722151     -0.040056322
 0.6420     -8.026056197     -0.040037443
 0.6430     -8.027389616     -0.040018649
 0.6440     -8.028722413     -0.039999940
 0.6450     -8.030054589     -0.039981315
 0.6460     -8.031386147     -0.039962774
 0.6470     -8.032717090     -0.039944318
 0.6480     -8.034047421     -0.039925946
 0.6490     -8.035377143     -0.039907657
 0.6500     -8.036706258     -0.039889452
 0.6510     -8.038034770     -0.039871331
 0.6520     -8.039362680     -0.039853292
 0.6530     -8.040689992     -0.039835338
 0.6540     -8.042016709     -0.039817466
 0.6550     -8.043342833     -0.039799676
 0.6560     -8.044668367     -0.039781970
 0.6570     -8.045993314     -0.039764346
 0.6580     -8.047317676     -0.039746805
 0.6590     -8.048641457     -0.039729345
 0.6600     -8.049964658     -0.039711968
 0.6610     -8.051287283     -0.039694673
 0.6620     -8.052609335     -0.039677459
 0.6630     -8.053930815     -0.039660327
 0.6640     -8.055251728     -0.039643276
 0.6650     -8.056572075     -0.039626307
 0.6660     -8.057891859     -0.039609418
 0.6670     -8.059211083     -0.039592611
 0.6680     -8.060529750     -0.039575884
 0.6690     -8.061847862     -0.039559239
 0.6700     -8.063165422     -0.039542673
 0.6710     -8.064482433     -0.039526188
 0.6720     -8.065798897     -0.039509784
 0.6730     -8.067114816     -0.039493459
 0.6740     -8.068430195     -0.039477214
 0.6750     -8.069745035     -0.039461049
 0.6760     -8.071059338     -0.039444964
 0.6770     -8.072373109     -0.039428958
 0.6780     -8.073686348     -0.039413032
 0.6790     -8.074999060     -0.039397185
 0.6800     -8.076311245     -0.039381417
 0.6810     -8.077622908     -0.039365727
 0.6820     -8.078934051     -0.039350117
 0.6830     -8.080244676     -0.039334585
 0.6840     -8.081554786     -0.039319132
 0.6850     -8.082864383     -0.039303757
 0.6860     -8.084173471     -0.039288461
 0.6870     -8.085482051     -0.039273243
 0.6880     -8.086790127     -0.039258102
 0.6890     -8.088097700     -0.039243040
 0.6900     -8.089404774     -0.039228055
 0.6910     -8.090711352     -0.039213148
 0.6920     -8.092017435     -0.039198318
 0.6930     -8.093323026     -0.039183566
 0.6940     -8.094628128     -0.039168891
 0.6950     -8.095932743     -0.039154293
 0.6960     -8.097236874     -0.039139772
 0.6970     -8.098540524     -0.039125328
 0.6980     -8.099843695     -0.039110960
 0.6990     -8.101146390     -0.039096669
 0.7000     -8.102448610     -0.039082455
 0.7010     -8.103750359     -0.039068317
 0.7020     -8.105051640     -0.039054255
 0.7030     -8.106352454     -0.039040269
 0.7040     -8.107652805     -0.039026360
 0.7050     -8.108952694     -0.039012526
 0.7060     -8.110252124     -0.038998768
 0.7070     -8.111551099     -0.038985085
 0.7080     -8.112849620     -0.038971478
 0.7090     -8.114147689     -0.038957947
 0.7100     -8.115445310     -0.038944491
 0.7110     -8.116742485     -0.038931110
 0.7120     -8.118039216     -0.038917804
 0.7130     -8.119335506     -0.038904573
 0.7140     -8.120631357     -0.038891416
 0.7150     -8.121926772     -0.038878335
 0.7160     -8.123221754     -0.038865328
 0.7170     -8.124516304     -0.038852396
 0.7180     -8.125810425     -0.038839538
 0.7190     -8.127104120     -0.038826754
 0.7200     -8.128397391     -0.038814045
 0.7210     -8.129690241     -0.038801410
 0.7220     -8.130982672     -0.038788848
 0.7230     -8.132274687     -0.038776361
 0.7240     -8.133566288     -0.038763947
 0.7250     -8.134857477     -0.038751607
 0.7260     -8.136148257     -0.038739340
 0.7270     -8.137438630     -0.038727147
 0.7280     -8.138728599     -0.038715028
 0.7290     -8.140018166     -0.038702981
 0.7300     -8.141307334     -0.038691008
 0.7310     -8.142596105     -0.038679108
 0.7320     -8.143884482     -0.038667281
 0.7330     -8.145172467     -0.038655526
 0.7340     -8.146460061     -0.038643845
 0.7350     -8.147747269     -0.038632236
 0.7360     -8.149034092     -0.038620700
 0.7370     -8.150320532     -0.038609236
 0.7380     -8.151606593     -0.038597845
 0.7390     -8.152892276     -0.038586526
 0.7400     -8.154177584     -0.038575279
 0.7410     -8.155462518     -0.038564104
 0.7420     -8.156747083     -0.038553001
 0.7430     -8.158031279     -0.038541971
 0.7440     -8.159315110     -0.038531012
 0.7450     -8.160598578     -0.038520125
 0.7460     -8.161881685     -0.038509309
 0.7470     -8.163164433     -0.038498565
 0.7480     -8.164446826     -0.038487893
 0.7490     -8.165728864     -0.038477292
 0.7500     -8.167010551     -0.038466763
 0.7510     -8.168291890     -0.038456305
 0.7520     -8.169572881     -0.038445917
 0.7530     -8.170853529     -0.038435601
 0.7540     -8.172133834     -0.038425357
 0.7550     -8.173413800     -0.038415183
 0.7560     -8.174693429     -0.038405079
 0.7570     -8.175972723     -0.038395047
 0.7580     -8.177251685     -0.038385085
 0.7590     -8.178530317     -0.038375194
 0.7600     -8.179808620     -0.038365374
 0.7610     -8.181086599     -0.038355624
 0.7620     -8.182364254     -0.038345944
 0.7630     -8.183641588     -0.038336335
 0.7640     -8.184918605     -0.038326795
 0.7650     -8.186195305     -0.038317327
 0.7660     -8.187471691     -0.038307928
 0.7670     -8.188747766     -0.038298599
 0.7680     -8.190023532     -0.038289340
 0.7690     -8.191298991     -0.038280151
 0.7700     -8.192574145     -0.038271032
 0.7710     -8.193848998     -0.038261983
 0.7720     -8.195123551     -0.038253003
 0.7730     -8.196397806     -0.038244093
 0.7740     -8.197671766     -0.038235252
 0.7750     -8.198945433     -0.038226481
 0.7760     -8.200218809     -0.038217779
 0.7770     -8.201491898     -0.038209147
 0.7780     -8.202764700     -0.038200584
 0.7790     -8.204037219     -0.038192090
 0.7800     -8.205309456     -0.038183666
 0.7810     -8.206581415     -0.038175310
 0.7820     -8.207853096     -0.038167024
 0.7830     -8.209124503     -0.038158806
 0.7840     -8.210395638     -0.038150657
 0.7850     -8.211666503     -0.038142578
 0.7860     -8.212937101     -0.038134567
 0.7870     -8.214207433     -0.038126624
 0.7880     -8.215477502     -0.038118751
 0.7890     -8.216747310     -0.038110946
 0.7900     -8.218016860     -0.038103210
 0.7910     -8.219286154     -0.038095542
 0.7920     -8.220555194     -0.038087942
 0.7930     -8.221823982     -0.038080411
 0.7940     -8.223092521     -0.038072949
 0.7950     -8.224360812     -0.038065555
 0.7960     -8.225628859     -0.038058229
 0.7970     -8.226896663     -0.038050971
 0.7980     -8.228164227     -0.038043781
 0.7990     -8.229431553     -0.038036659
 0.8000     -8.230698644     -0.038029606
 0.8010     -8.231965500     -0.038022620
 0.8020     -8.233232126     -0.038015703
 0.8030     -8.234498522     -0.038008853
 0.8040     -8.235764692     -0.038002071
 0.8050     -8.237030637     -0.037995357
 0.8060     -8.238296360     -0.037988711
 0.8070     -8.239561863     -0.037982132
 0.8080     -8.240827149     -0.037975622
 0.8090     -8.242092218     -0.037969179
 0.8100     -8.243357075     -0.037962803
 0.8110     -8.244621721     -0.037956495
 0.8120     -8.245886158     -0.037950254
 0.8130     -8.247150388     -0.037944081
 0.8140     -8.248414414     -0.037937976
 0.8150     -8.249678238     -0.037931938
 0.8160     -8.250941863     -0.037925967
 0.8170     -8.252205290     -0.037920064
 0.8180     -8.253468521     -0.037914227
 0.8190     -8.254731560     -0.037908458
 0.8200     -8.255994407     -0.037902757
 0.8210     -8.257257066     -0.037897122
 0.8220     -8.258519539     -0.037891555
 0.8230     -8.259781827     -0.037886055
 0.8240     -8.261043934     -0.037880621
 0.8250     -8.262305861     -0.037875255
 0.8260     -8.263567611     -0.037869956
 0.8270     -8.264829185     -0.037864724
 0.8280     -8.266090586     -0.037859559
 0.8290     -8.267351817     -0.037854461
 0.8300     -8.268612879     -0.037849429
 0.8310     -8.269873775     -0.037844465
 0.8320     -8.271134506     -0.037839567
 0.8330     -8.272395076     -0.037834737
 0.8340     -8.273655486     -0.037829973
 0.8350     -8.274915739     -0.037825276
 0.8360     -8.276175836     -0.037820645
 0.8370     -8.277435780     -0.037816081
 0.8380     -8.278695574     -0.037811585
 0.8390     -8.279955219     -0.037807154
 0.8400     -8.281214718     -0.037802791
 0.8410     -8.282474072     -0.037798493
 0.8420     -8.283733285     -0.037794263
 0.8430     -8.284992358     -0.037790099
 0.8440     -8.286251293     -0.037786002
 0.8450     -8.287510093     -0.037781971
 0.8460     -8.288768760     -0.037778007
 0.8470     -8.290027297     -0.037774110
 0.8480     -8.291285704     -0.037770278
 0.8490     -8.292543985     -0.037766514
 0.8500     -8.293802142     -0.037762816
 0.8510     -8.295060177     -0.037759184
 0.8520     -8.296318092     -0.037755619
 0.8530     -8.297575889     -0.037752120
 0.8540     -8.298833572     -0.037748688
 0.8550     -8.300091140     -0.037745322
 0.8560     -8.301348598     -0.037742022
 0.8570     -8.302605947     -0.037738789
 0.8580     -8.303863190     -0.037735622
 0.8590     -8.305120328     -0.037732522
 0.8600     -8.306377364     -0.037729488
 0.8610     -8.307634300     -0.037726520
 0.8620     -8.308891138     -0.037723619
 0.8630     -8.310147881     -0.037720784
 0.8640     -8.311404530     -0.037718015
 0.8650     -8.312661088     -0.037715313
 0.8660     -8.313917558     -0.037712677
 0.8670     -8.315173940     -0.037710107
 0.8680     -8.316430238     -0.037707604
 0.8690     -8.317686454     -0.037705167
 0.8700     -8.318942589     -0.037702796
 0.8710     -8.320198647     -0.037700492
 0.8720     -8.321454629     -0.037698253
 0.8730     -8.322710537     -0.037696082
 0.8740     -8.323966375     -0.037693976
 0.8750     -8.325222143     -0.037691937
 0.8760     -8.326477844     -0.037689964
 0.8770     -8.327733480     -0.037688058
 0.8780     -8.328989054     -0.037686218
 0.8790     -8.330244568     -0.037684444
 0.8800     -8.331500023     -0.037682737
 0.8810     -8.332755423     -0.037681096
 0.8820     -8.334010769     -0.037679521
 0.8830     -8.335266064     -0.037678013
 0.8840     -8.336521309     -0.037676571
 0.8850     -8.337776507     -0.037675195
 0.8860     -8.339031661     -0.037673886
 0.8870     -8.340286772     -0.037672643
 0.8880     -8.341541842     -0.037671467
 0.8890     -8.342796874     -0.037670357
 0.8900     -8.344051870     -0.037669313
 0.8910     -8.345306833     -0.037668336
 0.8920     -8.346561763     -0.037667425
 0.8930     -8.347816665     -0.037666581
 0.8940     -8.349071539     -0.037665804
 0.8950     -8.350326388     -0.037665093
 0.8960     -8.351581214     -0.037664448
 0.8970     -8.352836020     -0.037663870
 0.8980     -8.354090807     -0.037663358
 0.8990     -8.355345579     -0.037662913
 0.9000     -8.356600336     -0.037662535
 0.9010     -8.357855082     -0.037662223
 0.9020     -8.359109818     -0.037661978
 0.9030     -8.360364547     -0.037661800
 0.9040     -8.361619271     -0.037661688
 0.9050     -8.362873992     -0.037661643
 0.9060     -8.364128712     -0.037661665
 0.9070     -8.365383434     -0.037661754
 0.9080     -8.366638160     -0.037661909
 0.9090     -8.367892892     -0.037662131
 0.9100     -8.369147632     -0.037662420
 0.9110     -8.370402383     -0.037662776
 0.9120     -8.371657146     -0.037663198
 0.9130     -8.372911924     -0.037663688
 0.9140     -8.374166719     -0.037664245
 0.9150     -8.375421534     -0.037664868
 0.9160     -8.376676370     -0.037665559
 0.9170     -8.377931230     -0.037666316
 0.9180     -8.379186116     -0.037667141
 0.9190     -8.380441031     -0.037668033
 0.9200     -8.381695975     -0.037668992
 0.9210     -8.382950953     -0.037670018
 0.9220     -8.384205966     -0.037671111
 0.9230     -8.385461015     -0.037672272
 0.9240     -8.386716105     -0.037673500
 0.9250     -8.387971235     -0.037674795
 0.9260     -8.389226410     -0.037676157
 0.9270     -8.390481631     -0.037677587
 0.9280     -8.391736900     -0.037679084
 0.9290     -8.392992220     -0.037680649
 0.9300     -8.394247593     -0.037682282
 0.9310     -8.395503021     -0.037683982
 0.9320     -8.396758506     -0.037685749
 0.9330     -8.398014051     -0.037687584
 0.9340     -8.399269658     -0.037689487
 0.9350     -8.400525328     -0.037691458
 0.9360     -8.401781066     -0.037693496
 0.9370     -8.403036871     -0.037695603
 0.9380     -8.404292748     -0.037697777
 0.9390     -8.405548698     -0.037700019
 0.9400     -8.406804723     -0.037702329
 0.9410     -8.408060826     -0.037704707
 0.9420     -8.409317008     -0.037707153
 0.9430     -8.410573273     -0.037709667
 0.9440     -8.411829622     -0.037712250
 0.9450     -8.413086058     -0.037714900
 0.9460     -8.414342583     -0.037717619
 0.9470     -8.415599199     -0.037720407
 0.9480     -8.416855909     -0.037723262
 0.9490     -8.418112714     -0.037726187
 0.9500     -8.419369617     -0.037729179
 0.9510     -8.420626621     -0.037732240
 0.9520     -8.421883727     -0.037735370
 0.9530     -8.423140939     -0.037738569
 0.9540     -8.424398257     -0.037741836
 0.9550     -8.425655685     -0.037745172
 0.9560     -8.426913224     -0.037748577
 0.9570     -8.428170878     -0.037752051
 0.9580     -8.429428648     -0.037755594
 0.9590     -8.430686536     -0.037759206
 0.9600     -8.431944545     -0.037762887
 0.9610     -8.433202678     -0.037766637
 0.9620     -8.434460936     -0.037770457
 0.9630     -8.435719322     -0.037774346
 0.9640     -8.436977838     -0.037778304
 0.9650     -8.438236486     -0.037782332
 0.9660     -8.439495269     -0.037786429
 0.9670     -8.440754189     -0.037790596
 0.9680     -8.442013248     -0.037794832
 0.9690     -8.443272449     -0.037799138
 0.9700     -8.444531794     -0.037803514
 0.9710     -8.445791286     -0.037807960
 0.9720     -8.447050926     -0.037812476
 0.9730     -8.448310716     -0.037817062
 0.9740     -8.449570660     -0.037821718
 0.9750     -8.450830760     -0.037826444
 0.9760     -8.452091018     -0.037831241
 0.9770     -8.453351436     -0.037836107
 0.9780     -8.454612016     -0.037841045
 0.9790     -8.455872762     -0.037846052
 0.9800     -8.457133674     -0.037851131
 0.9810     -8.458394757     -0.037856280
 0.9820     -8.459656011     -0.037861500
 0.9830     -8.460917440     -0.037866790
 0.9840     -8.462179045     -0.037872152
 0.9850     -8.463440829     -0.037877584
 0.9860     -8.464702795     -0.037883088
 0.9870     -8.465964944     -0.037888663
 0.9880     -8.467227280     -0.037894309
 0.9890     -8.468489804     -0.037900027
 0.9900     -8.469752519     -0.037905815
 0.9910     -8.471015427     -0.037911676
 0.9920     -8.472278531     -0.037917608
 0.9930     -8.473541833     -0.037923612
 0.9940     -8.474805335     -0.037929688
 0.9950     -8.476069040     -0.037935835
 0.9960     -8.477332950     -0.037942055
 0.9970     -8.478597068     -0.037948346
 0.9980     -8.479861396     -0.037954710
 0.9990     -8.481125936     -0.037961147
