-1.0000      0.474403550     -0.052347454
-0.9990      0.472659636     -0.052388342
-0.9980      0.470914362     -0.052429398
-0.9970      0.469167722     -0.052470623
-0.9960      0.467419709     -0.052512018
-0.9950      0.465670319     -0.052553582
-0.9940      0.463919546     -0.052595317
-0.9930      0.462167384     -0.052637222
-0.9920      0.460413827     -0.052679299
-0.9910      0.458658870     -0.052721548
-0.9900      0.456902507     -0.052763969
-0.9890      0.455144732     -0.052806563
-0.9880      0.453385540     -0.052849331
-0.9870      0.451624924     -0.052892272
-0.9860      0.449862880     -0.052935388
-0.9850      0.448099401     -0.052978679
-0.9840      0.446334481     -0.053022146
-0.9830      0.444568115     -0.053065789
-0.9820      0.442800296     -0.053109608
-0.9810      0.441031019     -0.053153605
-0.9800      0.439260279     -0.053197779
-0.9790      0.437488068     -0.053242131
-0.9780      0.435714382     -0.053286663
-0.9770      0.433939213     -0.053331374
-0.9760      0.432162557     -0.053376264
-0.9750      0.430384407     -0.053421335
-0.9740      0.428604758     -0.053466588
-0.9730      0.426823602     -0.053512022
-0.9720      0.425040935     -0.053557638
-0.9710      0.423256750     -0.053603437
-0.9700      0.421471042     -0.053649419
-0.9690      0.419683803     -0.053695585
-0.9680      0.417895028     -0.053741936
-0.9670      0.416104711     -0.053788471
-0.9660      0.414312845     -0.053835193
-0.9650      0.412519425     -0.053882101
-0.9640      0.410724445     -0.053929195
-0.9630      0.408927897     -0.053976477
-0.9620      0.407129776     -0.054023947
-0.9610      0.405330076     -0.054071606
-0.9600      0.403528790     -0.054119454
-0.9590      0.401725912     -0.054167492
-0.9580      0.399921436     -0.054215721
-0.9570      0.398115355     -0.054264140
-0.9560      0.396307664     -0.054312752
-0.9550      0.394498355     -0.054361555
-0.9540      0.392687422     -0.054410552
-0.9530      0.390874859     -0.054459743
-0.9520      0.389060660     -0.054509127
-0.9510      0.387244818     -0.054558707
-0.9500      0.385427326     -0.054608482
-0.9490      0.383608179     -0.054658453
-0.9480      0.381787369     -0.054708622
-0.9470      0.379964889     -0.054758987
-0.9460      0.378140735     -0.054809551
-0.9450      0.376314898     -0.054860314
-0.9440      0.374487372     -0.054911276
-0.9430      0.372658152     -0.054962438
-0.9420      0.370827229     -0.055013801
-0.9410      0.368994597     -0.055065366
-0.9400      0.367160250     -0.055117133
-0.9390      0.365324181     -0.055169103
-0.9380      0.363486383     -0.055221276
-0.9370      0.361646850     -0.055273653
-0.9360      0.359805574     -0.055326236
-0.9350      0.357962549     -0.055379024
-0.9340      0.356117768     -0.055432018
-0.9330      0.354271224     -0.055485219
-0.9320      0.352422911     -0.055538629
-0.9310      0.350572820     -0.055592246
-0.9300      0.348720947     -0.055646073
-0.9290      0.346867283     -0.055700110
-0.9280      0.345011821     -0.055754357
-0.9270      0.343154555     -0.055808816
-0.9260      0.341295478     -0.055863486
-0.9250      0.339434582     -0.055918370
-0.9240      0.337571860     -0.055973467
-0.9230      0.335707306     -0.056028779
-0.9220      0.333840912     -0.056084305
-0.9210      0.331972671     -0.056140047
-0.9200      0.330102576     -0.056196006
-0.9190      0.328230620     -0.056252182
-0.9180      0.326356795     -0.056308577
-0.9170      0.324481095     -0.056365190
-0.9160      0.322603511     -0.056422023
-0.9150      0.320724037     -0.056479076
-0.9140      0.318842666     -0.056536350
-0.9130      0.316959390     -0.056593847
-0.9120      0.315074201     -0.056651566
-0.9110      0.313187093     -0.056709509
-0.9100      0.311298058     -0.056767676
-0.9090      0.309407088     -0.056826068
-0.9080      0.307514176     -0.056884686
-0.9070      0.305619314     -0.056943531
-0.9060      0.303722496     -0.057002604
-0.9050      0.301823712     -0.057061905
-0.9040      0.299922957     -0.057121436
-0.9030      0.298020222     -0.057181196
-0.9020      0.296115499     -0.057241188
-0.9010      0.294208781     -0.057301411
-0.9000      0.292300060     -0.057361867
-0.8990      0.290389329     -0.057422556
-0.8980      0.288476580     -0.057483480
-0.8970      0.286561804     -0.057544638
-0.8960      0.284644995     -0.057606033
-0.8950      0.282726144     -0.057667665
-0.8940      0.280805243     -0.057729535
-0.8930      0.278882285     -0.057791643
-0.8920      0.276957261     -0.057853991
-0.8910      0.275030164     -0.057916579
-0.8900      0.273100986     -0.057979409
-0.8890      0.271169718     -0.058042481
-0.8880      0.269236353     -0.058105796
-0.8870      0.267300883     -0.058169355
-0.8860      0.265363299     -0.058233159
-0.8850      0.263423593     -0.058297208
-0.8840      0.261481758     -0.058361505
-0.8830      0.259537784     -0.058426050
-0.8820      0.257591665     -0.058490843
-0.8810      0.255643391     -0.058555885
-0.8800      0.253692954     -0.058621179
-0.8790      0.251740346     -0.058686723
-0.8780      0.249785558     -0.058752521
-0.8770      0.247828583     -0.058818571
-0.8760      0.245869412     -0.058884876
-0.8750      0.243908035     -0.058951437
-0.8740      0.241944446     -0.059018253
-0.8730      0.239978635     -0.059085327
-0.8720      0.238010594     -0.059152660
-0.8710      0.236040314     -0.059220251
-0.8700      0.234067787     -0.059288103
-0.8690      0.232093004     -0.059356216
-0.8680      0.230115956     -0.059424592
-0.8670      0.228136635     -0.059493230
-0.8660      0.226155031     -0.059562134
-0.8650      0.224171137     -0.059631302
-0.8640      0.222184943     -0.059700737
-0.8630      0.220196441     -0.059770439
-0.8620      0.218205621     -0.059840410
-0.8610      0.216212475     -0.059910651
-0.8600      0.214216994     -0.059981162
-0.8590      0.212219168     -0.060051944
-0.8580      0.210218990     -0.060123000
-0.8570      0.208216449     -0.060194329
-0.8560      0.206211536     -0.060265933
-0.8550      0.204204243     -0.060337813
-0.8540      0.202194561     -0.060409970
-0.8530      0.200182480     -0.060482405
-0.8520      0.198167990     -0.060555119
-0.8510      0.196151084     -0.060628114
-0.8500      0.194131750     -0.060701391
-0.8490      0.192109981     -0.060774949
-0.8480      0.190085766     -0.060848792
-0.8470      0.188059097     -0.060922920
-0.8460      0.186029964     -0.060997333
-0.8450      0.183998356     -0.061072034
-0.8440      0.181964266     -0.061147023
-0.8430      0.179927683     -0.061222302
-0.8420      0.177888597     -0.061297871
-0.8410      0.175847000     -0.061373732
-0.8400      0.173802880     -0.061449886
-0.8390      0.171756230     -0.061526334
-0.8380      0.169707038     -0.061603078
-0.8370      0.167655295     -0.061680118
-0.8360      0.165600991     -0.061757456
-0.8350      0.163544117     -0.061835093
-0.8340      0.161484662     -0.061913031
-0.8330      0.159422617     -0.061991270
-0.8320      0.157357971     -0.062069811
-0.8310      0.155290714     -0.062148657
-0.8300      0.153220837     -0.062227808
-0.8290      0.151148329     -0.062307265
-0.8280      0.149073179     -0.062387030
-0.8270      0.146995379     -0.062467104
-0.8260      0.144914917     -0.062547489
-0.8250      0.142831784     -0.062628185
-0.8240      0.140745969     -0.062709194
-0.8230      0.138657461     -0.062790517
-0.8220      0.136566250     -0.062872155
-0.8210      0.134472326     -0.062954111
-0.8200      0.132375678     -0.063036384
-0.8190      0.130276296     -0.063118978
-0.8180      0.128174169     -0.063201891
-0.8170      0.126069286     -0.063285128
-0.8160      0.123961637     -0.063368687
-0.8150      0.121851211     -0.063452572
-0.8140      0.119737997     -0.063536783
-0.8130      0.117621985     -0.063621321
-0.8120      0.115503163     -0.063706189
-0.8110      0.113381521     -0.063791387
-0.8100      0.111257047     -0.063876917
-0.8090      0.109129731     -0.063962780
-0.8080      0.106999562     -0.064048978
-0.8070      0.104866528     -0.064135511
-0.8060      0.102730619     -0.064222383
-0.8050      0.100591823     -0.064309594
-0.8040      0.098450129     -0.064397145
-0.8030      0.096305525     -0.064485037
-0.8020      0.094158001     -0.064573274
-0.8010      0.092007545     -0.064661855
-0.8000      0.089854145     -0.064750783
-0.7990      0.087697790     -0.064840058
-0.7980      0.085538469     -0.064929683
-0.7970      0.083376170     -0.065019659
-0.7960      0.081210881     -0.065109987
-0.7950      0.079042591     -0.065200669
-0.7940      0.076871287     -0.065291707
-0.7930      0.074696959     -0.065383101
-0.7920      0.072519593     -0.065474855
-0.7910      0.070339180     -0.065566968
-0.7900      0.068155705     -0.065659444
-0.7890      0.065969158     -0.065752283
-0.7880      0.063779527     -0.065845486
-0.7870      0.061586798     -0.065939056
-0.7860      0.059390961     -0.066032995
-0.7850      0.057192003     -0.066127303
-0.7840      0.054989911     -0.066221983
-0.7830      0.052784674     -0.066317036
-0.7820      0.050576279     -0.066412464
-0.7810      0.048364714     -0.066508268
-0.7800      0.046149965     -0.066604450
-0.7790      0.043932021     -0.066701012
-0.7780      0.041710870     -0.066797956
-0.7770      0.039486497     -0.066895283
-0.7760      0.037258891     -0.066992994
-0.7750      0.035028039     -0.067091093
-0.7740      0.032793928     -0.067189580
-0.7730      0.030556546     -0.067288457
-0.7720      0.028315878     -0.067387726
-0.7710      0.026071913     -0.067487388
-0.7700      0.023824637     -0.067587446
-0.7690      0.021574038     -0.067687902
-0.7680      0.019320101     -0.067788756
-0.7670      0.017062814     -0.067890012
-0.7660      0.014802164     -0.067991670
-0.7650      0.012538137     -0.068093732
-0.7640      0.010270719     -0.068196202
-0.7630      0.007999898     -0.068299079
-0.7620      0.005725659     -0.068402366
-0.7610      0.003447990     -0.068506066
-0.7600      0.001166876     -0.068610179
-0.7590     -0.001117696     -0.068714709
-0.7580     -0.003405740     -0.068819656
-0.7570     -0.005697270     -0.068925022
-0.7560     -0.007992300     -0.069030811
-0.7550     -0.010290843     -0.069137023
-0.7540     -0.012592914     -0.069243660
-0.7530     -0.014898527     -0.069350725
-0.7520     -0.017207695     -0.069458219
-0.7510     -0.019520434     -0.069566145
-0.7500     -0.021836758     -0.069674505
-0.7490     -0.024156680     -0.069783300
-0.7480     -0.026480215     -0.069892532
-0.7470     -0.028807379     -0.070002205
-0.7460     -0.031138184     -0.070112319
-0.7450     -0.033472647     -0.070222876
-0.7440     -0.035810781     -0.070333880
-0.7430     -0.038152602     -0.070445331
-0.7420     -0.040498124     -0.070557233
-0.7410     -0.042847362     -0.070669587
-0.7400     -0.045200331     -0.070782395
-0.7390     -0.047557046     -0.070895660
-0.7380     -0.049917523     -0.071009384
-0.7370     -0.052281776     -0.071123568
-0.7360     -0.054649821     -0.071238215
-0.7350     -0.057021673     -0.071353328
-0.7340     -0.059397348     -0.071468908
-0.7330     -0.061776860     -0.071584958
-0.7320     -0.064160226     -0.071701480
-0.7310     -0.066547461     -0.071818477
-0.7300     -0.068938581     -0.071935949
-0.7290     -0.071333602     -0.072053901
-0.7280     -0.073732539     -0.072172334
-0.7270     -0.076135408     -0.072291250
-0.7260     -0.078542226     -0.072410653
-0.7250     -0.080953009     -0.072530543
-0.7240     -0.083367772     -0.072650924
-0.7230     -0.085786532     -0.072771798
-0.7220     -0.088209305     -0.072893167
-0.7210     -0.090636108     -0.073015034
-0.7200     -0.093066957     -0.073137401
-0.7190     -0.095501868     -0.073260271
-0.7180     -0.097940859     -0.073383646
-0.7170     -0.100383946     -0.073507529
-0.7160     -0.102831146     -0.073631921
-0.7150     -0.105282475     -0.073756827
-0.7140     -0.107737951     -0.073882247
-0.7130     -0.110197591     -0.074008185
-0.7120     -0.112661412     -0.074134643
-0.7110     -0.115129430     -0.074261624
-0.7100     -0.117601664     -0.074389131
-0.7090     -0.120078131     -0.074517165
-0.7080     -0.122558848     -0.074645730
-0.7070     -0.125043833     -0.074774828
-0.7060     -0.127533103     -0.074904462
-0.7050     -0.130026677     -0.075034635
-0.7040     -0.132524571     -0.075165349
-0.7030     -0.135026804     -0.075296608
-0.7020     -0.137533394     -0.075428412
-0.7010     -0.140044359     -0.075560767
-0.7000     -0.142559718     -0.075693674
-0.6990     -0.145079488     -0.075827135
-0.6980     -0.147603687     -0.075961155
-0.6970     -0.150132335     -0.076095735
-0.6960     -0.152665450     -0.076230879
-0.6950     -0.155203050     -0.076366589
-0.6940     -0.157745154     -0.076502868
-0.6930     -0.160291781     -0.076639720
-0.6920     -0.162842951     -0.076777146
-0.6910     -0.165398681     -0.076915151
-0.6900     -0.167958991     -0.077053736
-0.6890     -0.170523901     -0.077192905
-0.6880     -0.173093429     -0.077332662
-0.6870     -0.175667595     -0.077473008
-0.6860     -0.178246419     -0.077613947
-0.6850     -0.180829920     -0.077755482
-0.6840     -0.183418118     -0.077897617
-0.6830     -0.186011033     -0.078040353
-0.6820     -0.188608684     -0.078183695
-0.6810     -0.191211092     -0.078327645
-0.6800     -0.193818276     -0.078472207
-0.6790     -0.196430258     -0.078617384
-0.6780     -0.199047057     -0.078763178
-0.6770     -0.201668693     -0.078909594
-0.6760     -0.204295188     -0.079056634
-0.6750     -0.206926562     -0.079204302
-0.6740     -0.209562835     -0.079352601
-0.6730     -0.212204029     -0.079501534
-0.6720     -0.214850165     -0.079651105
-0.6710     -0.217501263     -0.079801316
-0.6700     -0.220157345     -0.079952172
-0.6690     -0.222818432     -0.080103676
-0.6680     -0.225484545     -0.080255831
-0.6670     -0.228155707     -0.080408641
-0.6660     -0.230831938     -0.080562109
-0.6650     -0.233513261     -0.080716238
-0.6640     -0.236199697     -0.080871033
-0.6630     -0.238891268     -0.081026496
-0.6620     -0.241587997     -0.081182631
-0.6610     -0.244289905     -0.081339442
-0.6600     -0.246997015     -0.081496933
-0.6590     -0.249709350     -0.081655106
-0.6580     -0.252426932     -0.081813966
-0.6570     -0.255149783     -0.081973517
-0.6560     -0.257877927     -0.082133762
-0.6550     -0.260611386     -0.082294705
-0.6540     -0.263350184     -0.082456349
-0.6530     -0.266094344     -0.082618699
-0.6520     -0.268843888     -0.082781758
-0.6510     -0.271598841     -0.082945530
-0.6500     -0.274359226     -0.083110019
-0.6490     -0.277125067     -0.083275229
-0.6480     -0.279896387     -0.083441164
-0.6470     -0.282673211     -0.083607827
-0.6460     -0.285455562     -0.083775223
-0.6450     -0.288243465     -0.083943356
-0.6440     -0.291036944     -0.084112230
-0.6430     -0.293836024     -0.084281848
-0.6420     -0.296640729     -0.084452216
-0.6410     -0.299451083     -0.084623336
-0.6400     -0.302267113     -0.084795214
-0.6390     -0.305088842     -0.084967853
-0.6380     -0.307916297     -0.085141258
-0.6370     -0.310749501     -0.085315433
-0.6360     -0.313588482     -0.085490382
-0.6350     -0.316433263     -0.085666109
-0.6340     -0.319283872     -0.085842619
-0.6330     -0.322140333     -0.086019916
-0.6320     -0.325002673     -0.086198004
-0.6310     -0.327870918     -0.086376889
-0.6300     -0.330745094     -0.086556574
-0.6290     -0.333625228     -0.086737064
-0.6280     -0.336511347     -0.086918363
-0.6270     -0.339403476     -0.087100476
-0.6260     -0.342301643     -0.087283408
-0.6250     -0.345205875     -0.087467163
-0.6240     -0.348116199     -0.087651746
-0.6230     -0.351032643     -0.087837161
-0.6220     -0.353955233     -0.088023414
-0.6210     -0.356883998     -0.088210508
-0.6200     -0.359818965     -0.088398450
-0.6190     -0.362760162     -0.088587243
-0.6180     -0.365707618     -0.088776892
-0.6170     -0.368661361     -0.088967403
-0.6160     -0.371621419     -0.089158780
-0.6150     -0.374587820     -0.089351029
-0.6140     -0.377560594     -0.089544153
-0.6130     -0.380539769     -0.089738159
-0.6120     -0.383525375     -0.089933052
-0.6110     -0.386517440     -0.090128836
-0.6100     -0.389515995     -0.090325516
-0.6090     -0.392521068     -0.090523098
-0.6080     -0.395532690     -0.090721588
-0.6070     -0.398550890     -0.090920990
-0.6060     -0.401575699     -0.091121309
-0.6050     -0.404607147     -0.091322551
-0.6040     -0.407645264     -0.091524722
-0.6030     -0.410690080     -0.091727827
-0.6020     -0.413741628     -0.091931871
-0.6010     -0.416799937     -0.092136859
-0.6000     -0.419865039     -0.092342798
-0.5990     -0.422936966     -0.092549693
-0.5980     -0.426015748     -0.092757549
-0.5970     -0.429101417     -0.092966373
-0.5960     -0.432194006     -0.093176169
-0.5950     -0.435293547     -0.093386944
-0.5940     -0.438400071     -0.093598704
-0.5930     -0.441513612     -0.093811454
-0.5920     -0.444634201     -0.094025200
-0.5910     -0.447761872     -0.094239948
-0.5900     -0.450896658     -0.094455704
-0.5890     -0.454038592     -0.094672475
-0.5880     -0.457187708     -0.094890266
-0.5870     -0.460344038     -0.095109083
-0.5860     -0.463507618     -0.095328932
-0.5850     -0.466678481     -0.095549821
-0.5840     -0.469856661     -0.095771754
-0.5830     -0.473042192     -0.095994738
-0.5820     -0.476235111     -0.096218780
-0.5810     -0.479435450     -0.096443886
-0.5800     -0.482643246     -0.096670063
-0.5790     -0.485858533     -0.096897316
-0.5780     -0.489081347     -0.097125653
-0.5770     -0.492311724     -0.097355081
-0.5760     -0.495549701     -0.097585604
-0.5750     -0.498795311     -0.097817232
-0.5740     -0.502048594     -0.098049969
-0.5730     -0.505309584     -0.098283824
-0.5720     -0.508578319     -0.098518802
-0.5710     -0.511854835     -0.098754912
-0.5700     -0.515139171     -0.098992159
-0.5690     -0.518431363     -0.099230550
-0.5680     -0.521731449     -0.099470094
-0.5670     -0.525039468     -0.099710797
-0.5660     -0.528355456     -0.099952666
-0.5650     -0.531679454     -0.100195708
-0.5640     -0.535011499     -0.100439931
-0.5630     -0.538351630     -0.100685342
-0.5620     -0.541699887     -0.100931949
-0.5610     -0.545056309     -0.101179758
-0.5600     -0.548420935     -0.101428778
-0.5590     -0.551793806     -0.101679017
-0.5580     -0.555174961     -0.101930481
-0.5570     -0.558564441     -0.102183178
-0.5560     -0.561962286     -0.102437117
-0.5550     -0.565368538     -0.102692305
-0.5540     -0.568783237     -0.102948750
-0.5530     -0.572206425     -0.103206459
-0.5520     -0.575638143     -0.103465442
-0.5510     -0.579078434     -0.103725706
-0.5500     -0.582527340     -0.103987259
-0.5490     -0.585984903     -0.104250110
-0.5480     -0.589451165     -0.104514266
-0.5470     -0.592926171     -0.104779737
-0.5460     -0.596409962     -0.105046530
-0.5450     -0.599902583     -0.105314654
-0.5440     -0.603404077     -0.105584118
-0.5430     -0.606914489     -0.105854930
-0.5420     -0.610433863     -0.106127099
-0.5410     -0.613962243     -0.106400633
-0.5400     -0.617499675     -0.106675542
-0.5390     -0.621046203     -0.106951835
-0.5380     -0.624601873     -0.107229520
-0.5370     -0.628166732     -0.107508607
-0.5360     -0.631740825     -0.107789104
-0.5350     -0.635324198     -0.108071021
-0.5340     -0.638916899     -0.108354368
-0.5330     -0.642518974     -0.108639153
-0.5320     -0.646130470     -0.108925385
-0.5310     -0.649751436     -0.109213076
-0.5300     -0.653381919     -0.109502233
-0.5290     -0.657021968     -0.109792868
-0.5280     -0.660671630     -0.110084989
-0.5270     -0.664330955     -0.110378606
-0.5260     -0.667999993     -0.110673729
-0.5250     -0.671678792     -0.110970369
-0.5240     -0.675367403     -0.111268536
-0.5230     -0.679065876     -0.111568239
-0.5220     -0.682774260     -0.111869489
-0.5210     -0.686492608     -0.112172296
-0.5200     -0.690220970     -0.112476671
-0.5190     -0.693959399     -0.112782623
-0.5180     -0.697707944     -0.113090165
-0.5170     -0.701466660     -0.113399306
-0.5160     -0.705235598     -0.113710058
-0.5150     -0.709014812     -0.114022431
-0.5140     -0.712804354     -0.114336436
-0.5130     -0.716604279     -0.114652084
-0.5120     -0.720414641     -0.114969386
-0.5110     -0.724235492     -0.115288355
-0.5100     -0.728066890     -0.115609000
-0.5090     -0.731908888     -0.115931334
-0.5080     -0.735761542     -0.116255368
-0.5070     -0.739624908     -0.116581113
-0.5060     -0.743499042     -0.116908582
-0.5050     -0.747384001     -0.117237787
-0.5040     -0.751279842     -0.117568739
-0.5030     -0.755186622     -0.117901450
-0.5020     -0.759104398     -0.118235932
-0.5010     -0.763033230     -0.118572199
-0.5000     -0.766973176     -0.118910261
-0.4990     -0.770924294     -0.119250133
-0.4980     -0.774886645     -0.119591825
-0.4970     -0.778860287     -0.119935352
-0.4960     -0.782845281     -0.120280726
-0.4950     -0.786841688     -0.120627959
-0.4940     -0.790849569     -0.120977065
-0.4930     -0.794868985     -0.121328057
-0.4920     -0.798899998     -0.121680949
-0.4910     -0.802942671     -0.122035753
-0.4900     -0.806997066     -0.122392483
-0.4890     -0.811063247     -0.122751153
-0.4880     -0.815141276     -0.123111777
-0.4870     -0.819231219     -0.123474368
-0.4860     -0.823333140     -0.123838941
-0.4850     -0.827447103     -0.124205509
-0.4840     -0.831573175     -0.124574088
-0.4830     -0.835711421     -0.124944690
-0.4820     -0.839861908     -0.125317332
-0.4810     -0.844024702     -0.125692027
-0.4800     -0.848199871     -0.126068790
-0.4790     -0.852387483     -0.126447637
-0.4780     -0.856587606     -0.126828581
-0.4770     -0.860800309     -0.127211639
-0.4760     -0.865025660     -0.127596826
-0.4750     -0.869263731     -0.127984157
-0.4740     -0.873514591     -0.128373648
-0.4730     -0.877778311     -0.128765315
-0.4720     -0.882054962     -0.129159172
-0.4710     -0.886344617     -0.129555238
-0.4700     -0.890647347     -0.129953527
-0.4690     -0.894963225     -0.130354056
-0.4680     -0.899292325     -0.130756842
-0.4670     -0.903634721     -0.131161901
-0.4660     -0.907990488     -0.131569250
-0.4650     -0.912359699     -0.131978906
-0.4640     -0.916742432     -0.132390886
-0.4630     -0.921138761     -0.132805208
-0.4620     -0.925548764     -0.133221888
-0.4610     -0.929972519     -0.133640945
-0.4600     -0.934410101     -0.134062395
-0.4590     -0.938861592     -0.134486258
-0.4580     -0.943327068     -0.134912551
-0.4570     -0.947806610     -0.135341292
-0.4560     -0.952300298     -0.135772500
-0.4550     -0.956808213     -0.136206194
-0.4540     -0.961330436     -0.136642392
-0.4530     -0.965867049     -0.137081113
-0.4520     -0.970418135     -0.137522377
-0.4510     -0.974983777     -0.137966202
-0.4500     -0.979564058     -0.138412609
-0.4490     -0.984159063     -0.138861616
-0.4480     -0.988768878     -0.139313245
-0.4470     -0.993393588     -0.139767514
-0.4460     -0.998033280     -0.140224445
-0.4450     -1.002688040     -0.140684057
-0.4440     -1.007357956     -0.141146372
-0.4430     -1.012043116     -0.141611410
-0.4420     -1.016743611     -0.142079192
-0.4410     -1.021459529     -0.142549739
-0.4400     -1.026190961     -0.143023074
-0.4390     -1.030937998     -0.143499218
-0.4380     -1.035700732     -0.143978192
-0.4370     -1.040479255     -0.144460019
-0.4360     -1.045273661     -0.144944722
-0.4350     -1.050084044     -0.145432322
-0.4340     -1.054910498     -0.145922842
-0.4330     -1.059753119     -0.146416306
-0.4320     -1.064612002     -0.146912737
-0.4310     -1.069487246     -0.147412158
-0.4300     -1.074378948     -0.147914592
-0.4290     -1.079287205     -0.148420065
-0.4280     -1.084212118     -0.148928600
-0.4270     -1.089153787     -0.149440221
-0.4260     -1.094112311     -0.149954953
-0.4250     -1.099087794     -0.150472821
-0.4240     -1.104080336     -0.150993850
-0.4230     -1.109090042     -0.151518066
-0.4220     -1.114117016     -0.152045494
-0.4210     -1.119161361     -0.152576160
-0.4200     -1.124223185     -0.153110091
-0.4190     -1.129302594     -0.153647312
-0.4180     -1.134399694     -0.154187851
-0.4170     -1.139514595     -0.154731734
-0.4160     -1.144647405     -0.155278989
-0.4150     -1.149798234     -0.155829643
-0.4140     -1.154967194     -0.156383725
-0.4130     -1.160154396     -0.156941262
-0.4120     -1.165359952     -0.157502282
-0.4110     -1.170583978     -0.158066815
-0.4100     -1.175826586     -0.158634889
-0.4090     -1.181087892     -0.159206534
-0.4080     -1.186368013     -0.159781779
-0.4070     -1.191667067     -0.160360654
-0.4060     -1.196985171     -0.160943190
-0.4050     -1.202322445     -0.161529416
-0.4040     -1.207679010     -0.162119365
-0.4030     -1.213054985     -0.162713066
-0.4020     -1.218450495     -0.163310552
-0.4010     -1.223865661     -0.163911854
-0.4000     -1.229300609     -0.164517005
-0.3990     -1.234755464     -0.165126036
-0.3980     -1.240230352     -0.165738982
-0.3970     -1.245725401     -0.166355874
-0.3960     -1.251240738     -0.166976748
-0.3950     -1.256776495     -0.167601635
-0.3940     -1.262332801     -0.168230572
-0.3930     -1.267909788     -0.168863592
-0.3920     -1.273507589     -0.169500730
-0.3910     -1.279126339     -0.170142023
-0.3900     -1.284766171     -0.170787505
-0.3890     -1.290427224     -0.171437213
-0.3880     -1.296109634     -0.172091183
-0.3870     -1.301813539     -0.172749453
-0.3860     -1.307539081     -0.173412059
-0.3850     -1.313286399     -0.174079040
-0.3840     -1.319055636     -0.174750433
-0.3830     -1.324846935     -0.175426278
-0.3820     -1.330660442     -0.176106613
-0.3810     -1.336496302     -0.176791477
-0.3800     -1.342354662     -0.177480912
-0.3790     -1.348235671     -0.178174956
-0.3780     -1.354139479     -0.178873650
-0.3770     -1.360066236     -0.179577037
-0.3760     -1.366016096     -0.180285157
-0.3750     -1.371989211     -0.180998053
-0.3740     -1.377985738     -0.181715767
-0.3730     -1.384005832     -0.182438342
-0.3720     -1.390049651     -0.183165822
-0.3710     -1.396117355     -0.183898251
-0.3700     -1.402209104     -0.184635674
-0.3690     -1.408325061     -0.185378135
-0.3680     -1.414465388     -0.186125681
-0.3670     -1.420630252     -0.186878357
-0.3660     -1.426819817     -0.187636209
-0.3650     -1.433034253     -0.188399285
-0.3640     -1.439273728     -0.189167633
-0.3630     -1.445538414     -0.189941301
-0.3620     -1.451828483     -0.190720338
-0.3610     -1.458144109     -0.191504792
-0.3600     -1.464485468     -0.192294715
-0.3590     -1.470852737     -0.193090155
-0.3580     -1.477246095     -0.193891165
-0.3570     -1.483665722     -0.194697796
-0.3560     -1.490111800     -0.195510100
-0.3550     -1.496584514     -0.196328131
-0.3540     -1.503084048     -0.197151940
-0.3530     -1.509610590     -0.197981584
-0.3520     -1.516164329     -0.198817116
-0.3510     -1.522745455     -0.199658592
-0.3500     -1.529354160     -0.200506067
-0.3490     -1.535990640     -0.201359599
-0.3480     -1.542655090     -0.202219245
-0.3470     -1.549347707     -0.203085063
-0.3460     -1.556068692     -0.203957112
-0.3450     -1.562818245     -0.204835450
-0.3440     -1.569596571     -0.205720139
-0.3430     -1.576403874     -0.206611239
-0.3420     -1.583240363     -0.207508811
-0.3410     -1.590106245     -0.208412919
-0.3400     -1.597001733     -0.209323624
-0.3390     -1.603927039     -0.210240992
-0.3380     -1.610882379     -0.211165086
-0.3370     -1.617867969     -0.212095972
-0.3360     -1.624884031     -0.213033716
-0.3350     -1.631930784     -0.213978386
-0.3340     -1.639008452     -0.214930048
-0.3330     -1.646117261     -0.215888772
-0.3320     -1.653257440     -0.216854628
-0.3310     -1.660429218     -0.217827684
-0.3300     -1.667632827     -0.218808014
-0.3290     -1.674868502     -0.219795688
-0.3280     -1.682136480     -0.220790781
-0.3270     -1.689437000     -0.221793365
-0.3260     -1.696770304     -0.222803516
-0.3250     -1.704136636     -0.223821309
-0.3240     -1.711536241     -0.224846822
-0.3230     -1.718969369     -0.225880131
-0.3220     -1.726436271     -0.226921316
-0.3210     -1.733937200     -0.227970456
-0.3200     -1.741472413     -0.229027632
-0.3190     -1.749042168     -0.230092926
-0.3180     -1.756646727     -0.231166420
-0.3170     -1.764286353     -0.232248198
-0.3160     -1.771961313     -0.233338345
-0.3150     -1.779671877     -0.234436947
-0.3140     -1.787418316     -0.235544091
-0.3130     -1.795200906     -0.236659865
-0.3120     -1.803019922     -0.237784359
-0.3110     -1.810875647     -0.238917662
-0.3100     -1.818768362     -0.240059867
-0.3090     -1.826698355     -0.241211067
-0.3080     -1.834665913     -0.242371356
-0.3070     -1.842671329     -0.243540828
-0.3060     -1.850714898     -0.244719580
-0.3050     -1.858796917     -0.245907711
-0.3040     -1.866917689     -0.247105319
-0.3030     -1.875077516     -0.248312505
-0.3020     -1.883276706     -0.249529370
-0.3010     -1.891515569     -0.250756018
-0.3000     -1.899794420     -0.251992553
-0.2990     -1.908113576     -0.253239081
-0.2980     -1.916473355     -0.254495709
-0.2970     -1.924874083     -0.255762546
-0.2960     -1.933316087     -0.257039702
-0.2950     -1.941799696     -0.258327289
-0.2940     -1.950325245     -0.259625420
-0.2930     -1.958893072     -0.260934209
-0.2920     -1.967503517     -0.262253774
-0.2910     -1.976156926     -0.263584232
-0.2900     -1.984853647     -0.264925702
-0.2890     -1.993594032     -0.266278305
-0.2880     -2.002378438     -0.267642165
-0.2870     -2.011207223     -0.269017406
-0.2860     -2.020080752     -0.270404154
-0.2850     -2.028999393     -0.271802537
-0.2840     -2.037963517     -0.273212685
-0.2830     -2.046973500     -0.274634729
-0.2820     -2.056029721     -0.276068803
-0.2810     -2.065132566     -0.277515042
-0.2800     -2.074282421     -0.278973583
-0.2790     -2.083479679     -0.280444566
-0.2780     -2.092724738     -0.281928131
-0.2770     -2.102017998     -0.283424422
-0.2760     -2.111359865     -0.284933583
-0.2750     -2.120750749     -0.286455763
-0.2740     -2.130191066     -0.287991109
-0.2730     -2.139681233     -0.289539774
-0.2720     -2.149221675     -0.291101912
-0.2710     -2.158812822     -0.292677677
-0.2700     -2.168455106     -0.294267229
-0.2690     -2.178148967     -0.295870727
-0.2680     -2.187894847     -0.297488335
-0.2670     -2.197693196     -0.299120217
-0.2660     -2.207544467     -0.300766541
-0.2650     -2.217449119     -0.302427477
-0.2640     -2.227407616     -0.304103197
-0.2630     -2.237420427     -0.305793877
-0.2620     -2.247488028     -0.307499693
-0.2610     -2.257610898     -0.309220827
-0.2600     -2.267789524     -0.310957461
-0.2590     -2.278024397     -0.312709782
-0.2580     -2.288316014     -0.314477976
-0.2570     -2.298664879     -0.316262236
-0.2560     -2.309071501     -0.318062756
-0.2550     -2.319536393     -0.319879733
-0.2540     -2.330060079     -0.321713367
-0.2530     -2.340643083     -0.323563861
-0.2520     -2.351285941     -0.325431421
-0.2510     -2.361989191     -0.327316257
-0.2500     -2.372753380     -0.329218581
-0.2490     -2.383579061     -0.331138610
-0.2480     -2.394466793     -0.333076562
-0.2470     -2.405417141     -0.335032660
-0.2460     -2.416430680     -0.337007131
-0.2450     -2.427507988     -0.339000203
-0.2440     -2.438649652     -0.341012110
-0.2430     -2.449856266     -0.343043088
-0.2420     -2.461128432     -0.345093379
-0.2410     -2.472466758     -0.347163226
-0.2400     -2.483871860     -0.349252878
-0.2390     -2.495344361     -0.351362587
-0.2380     -2.506884893     -0.353492610
-0.2370     -2.518494094     -0.355643205
-0.2360     -2.530172612     -0.357814638
-0.2350     -2.541921102     -0.360007178
-0.2340     -2.553740226     -0.362221097
-0.2330     -2.565630657     -0.364456673
-0.2320     -2.577593074     -0.366714187
-0.2310     -2.589628165     -0.368993927
-0.2300     -2.601736628     -0.371296183
-0.2290     -2.613919169     -0.373621252
-0.2280     -2.626176502     -0.375969434
-0.2270     -2.638509352     -0.378341034
-0.2260     -2.650918451     -0.380736365
-0.2250     -2.663404543     -0.383155741
-0.2240     -2.675968379     -0.385599484
-0.2230     -2.688610722     -0.388067921
-0.2220     -2.701332344     -0.390561384
-0.2210     -2.714134025     -0.393080210
-0.2200     -2.727016558     -0.395624743
-0.2190     -2.739980745     -0.398195332
-0.2180     -2.753027399     -0.400792331
-0.2170     -2.766157343     -0.403416103
-0.2160     -2.779371412     -0.406067014
-0.2150     -2.792670450     -0.408745439
-0.2140     -2.806055315     -0.411451756
-0.2130     -2.819526873     -0.414186354
-0.2120     -2.833086005     -0.416949624
-0.2110     -2.846733601     -0.419741968
-0.2100     -2.860470564     -0.422563791
-0.2090     -2.874297810     -0.425415510
-0.2080     -2.888216267     -0.428297544
-0.2070     -2.902226874     -0.431210324
-0.2060     -2.916330584     -0.434154285
-0.2050     -2.930528364     -0.437129872
-0.2040     -2.944821192     -0.440137537
-0.2030     -2.959210061     -0.443177741
-0.2020     -2.973695976     -0.446250951
-0.2010     -2.988279959     -0.449357645
-0.2000     -3.002963042     -0.452498308
-0.1990     -3.017746276     -0.455673435
-0.1980     -3.032630721     -0.458883529
-0.1970     -3.047617458     -0.462129102
-0.1960     -3.062707578     -0.465410678
-0.1950     -3.077902190     -0.468728786
-0.1940     -3.093202418     -0.472083968
-0.1930     -3.108609402     -0.475476776
-0.1920     -3.124124298     -0.478907771
-0.1910     -3.139748279     -0.482377526
-0.1900     -3.155482534     -0.485886622
-0.1890     -3.171328269     -0.489435654
-0.1880     -3.187286709     -0.493025227
-0.1870     -3.203359095     -0.496655957
-0.1860     -3.219546685     -0.500328472
-0.1850     -3.235850758     -0.504043411
-0.1840     -3.252272611     -0.507801428
-0.1830     -3.268813557     -0.511603187
-0.1820     -3.285474933     -0.515449365
-0.1810     -3.302258091     -0.519340654
-0.1800     -3.319164407     -0.523277757
-0.1790     -3.336195275     -0.527261392
-0.1780     -3.353352109     -0.531292291
-0.1770     -3.370636347     -0.535371201
-0.1760     -3.388049446     -0.539498881
-0.1750     -3.405592886     -0.543676109
-0.1740     -3.423268170     -0.547903676
-0.1730     -3.441076821     -0.552182389
-0.1720     -3.459020388     -0.556513071
-0.1710     -3.477100442     -0.560896562
-0.1700     -3.495318579     -0.565333720
-0.1690     -3.513676419     -0.569825418
-0.1680     -3.532175605     -0.574372548
-0.1670     -3.550817810     -0.578976021
-0.1660     -3.569604728     -0.583636765
-0.1650     -3.588538082     -0.588355729
-0.1640     -3.607619621     -0.593133880
-0.1630     -3.626851122     -0.597972206
-0.1620     -3.646234389     -0.602871715
-0.1610     -3.665771255     -0.607833436
-0.1600     -3.685463582     -0.612858420
-0.1590     -3.705313262     -0.617947741
-0.1580     -3.725322215     -0.623102494
-0.1570     -3.745492394     -0.628323798
-0.1560     -3.765825782     -0.633612796
-0.1550     -3.786324395     -0.638970656
-0.1540     -3.806990281     -0.644398570
-0.1530     -3.827825520     -0.649897757
-0.1520     -3.848832227     -0.655469461
-0.1510     -3.870012551     -0.661114954
-0.1500     -3.891368677     -0.666835536
-0.1490     -3.912902826     -0.672632536
-0.1480     -3.934617253     -0.678507311
-0.1470     -3.956514254     -0.684461248
-0.1460     -3.978596160     -0.690495767
-0.1450     -4.000865342     -0.696612317
-0.1440     -4.023324212     -0.702812381
-0.1430     -4.045975221     -0.709097476
-0.1420     -4.068820860     -0.715469153
-0.1410     -4.091863664     -0.721928996
-0.1400     -4.115106211     -0.728478628
-0.1390     -4.138551122     -0.735119709
-0.1380     -4.162201063     -0.741853936
-0.1370     -4.186058745     -0.748683046
-0.1360     -4.210126927     -0.755608815
-0.1350     -4.234408414     -0.762633063
-0.1340     -4.258906062     -0.769757651
-0.1330     -4.283622774     -0.776984484
-0.1320     -4.308561504     -0.784315512
-0.1310     -4.333725259     -0.791752732
-0.1300     -4.359117098     -0.799298188
-0.1290     -4.384740134     -0.806953973
-0.1280     -4.410597535     -0.814722232
-0.1270     -4.436692525     -0.822605160
-0.1260     -4.463028386     -0.830605006
-0.1250     -4.489608458     -0.838724074
-0.1240     -4.516436142     -0.846964724
-0.1230     -4.543514898     -0.855329376
-0.1220     -4.570848251     -0.863820507
-0.1210     -4.598439788     -0.872440660
-0.1200     -4.626293162     -0.881192437
-0.1190     -4.654412094     -0.890078508
-0.1180     -4.682800370     -0.899101610
-0.1170     -4.711461848     -0.908264549
-0.1160     -4.740400457     -0.917570203
-0.1150     -4.769620198     -0.927021524
-0.1140     -4.799125147     -0.936621538
-0.1130     -4.828919454     -0.946373353
-0.1120     -4.859007349     -0.956280154
-0.1110     -4.889393141     -0.966345212
-0.1100     -4.920081219     -0.976571881
-0.1090     -4.951076055     -0.986963607
-0.1080     -4.982382207     -0.997523925
-0.1070     -5.014004319     -1.008256465
-0.1060     -5.045947122     -1.019164953
-0.1050     -5.078215441     -1.030253216
-0.1040     -5.110814190     -1.041525186
-0.1030     -5.143748381     -1.052984901
-0.1020     -5.177023121     -1.064636507
-0.1010     -5.210643616     -1.076484268
-0.1000     -5.244615173     -1.088532562
-0.0990     -5.278943205     -1.100785891
-0.0980     -5.313633229     -1.113248881
-0.0970     -5.348690869     -1.125926289
-0.0960     -5.384121863     -1.138823005
-0.0950     -5.419932060     -1.151944058
-0.0940     -5.456127427     -1.165294621
-0.0930     -5.492714047     -1.178880013
-0.0920     -5.529698128     -1.192705709
-0.0910     -5.567085997     -1.206777340
-0.0900     -5.604884113     -1.221100702
-0.0890     -5.643099061     -1.235681761
-0.0880     -5.681737563     -1.250526657
-0.0870     -5.720806472     -1.265641712
-0.0860     -5.760312783     -1.281033437
-0.0850     -5.800263633     -1.296708537
-0.0840     -5.840666305     -1.312673918
-0.0830     -5.881528227     -1.328936696
-0.0820     -5.922856984     -1.345504202
-0.0810     -5.964660314     -1.362383992
-0.0800     -6.006946114     -1.379583853
-0.0790     -6.049722445     -1.397111814
-0.0780     -6.092997534     -1.414976153
-0.0770     -6.136779778     -1.433185406
-0.0760     -6.181077748     -1.451748379
-0.0750     -6.225900192     -1.470674155
-0.0740     -6.271256043     -1.489972106
-0.0730     -6.317154417     -1.509651904
-0.0720     -6.363604621     -1.529723531
-0.0710     -6.410616157     -1.550197294
-0.0700     -6.458198725     -1.571083834
-0.0690     -6.506362228     -1.592394140
-0.0680     -6.555116776     -1.614139562
-0.0670     -6.604472693     -1.636331828
-0.0660     -6.654440515     -1.658983055
-0.0650     -6.705031003     -1.682105766
-0.0640     -6.756255141     -1.705712907
-0.0630     -6.808124145     -1.729817862
-0.0620     -6.860649463     -1.754434472
-0.0610     -6.913842786     -1.779577052
-0.0600     -6.967716046     -1.805260412
-0.0590     -7.022281427     -1.831499876
-0.0580     -7.077551365     -1.858311303
-0.0570     -7.133538555     -1.885711111
-0.0560     -7.190255956     -1.913716295
-0.0550     -7.247716792     -1.942344459
-0.0540     -7.305934564     -1.971613835
-0.0530     -7.364923048     -2.001543311
-0.0520     -7.424696300     -2.032152462
-0.0510     -7.485268666     -2.063461573
-0.0500     -7.546654778     -2.095491677
-0.0490     -7.608869567     -2.128264581
-0.0480     -7.671928257     -2.161802905
-0.0470     -7.735846378     -2.196130110
-0.0460     -7.800639764     -2.231270545
-0.0450     -7.866324558     -2.267249476
-0.0440     -7.932917212     -2.304093133
-0.0430     -8.000434494     -2.341828752
-0.0420     -8.068893486     -2.380484620
-0.0410     -8.138311588     -2.420090119
-0.0400     -8.208706517     -2.460675782
-0.0390     -8.280096307     -2.502273339
-0.0380     -8.352499310     -2.544915778
-0.0370     -8.425934194     -2.588637397
-0.0360     -8.500419941     -2.633473869
-0.0350     -8.575975841     -2.679462306
-0.0340     -8.652621493     -2.726641323
-0.0330     -8.730376793     -2.775051113
-0.0320     -8.809261930     -2.824733517
-0.0310     -8.889297380     -2.875732108
-0.0300     -8.970503888     -2.928092270
-0.0290     -9.052902464     -2.981861284
-0.0280     -9.136514360     -3.037088425
-0.0270     -9.221361062     -3.093825053
-0.0260     -9.307464262     -3.152124717
-0.0250     -9.394845840     -3.212043265
-0.0240     -9.483527837     -3.273638951
-0.0230     -9.573532425     -3.336972559
-0.0220     -9.664881873     -3.402107528
-0.0210     -9.757598511     -3.469110081
-0.0200     -9.851704687     -3.538049369
-0.0190     -9.947222716     -3.608997614
-0.0180    -10.044174829     -3.682030265
-0.0170    -10.142583109     -3.757226164
-0.0160    -10.242469428     -3.834667713
-0.0150    -10.343855368     -3.914441060
-0.0140    -10.446762134     -3.996636286
-0.0130    -10.551210464     -4.081347609
-0.0120    -10.657220522     -4.168673596
-0.0110    -10.764811780     -4.258717383
-0.0100    -10.874002890     -4.351586913
-0.0090    -10.984811538     -4.447395182
-0.0080    -11.097254282     -4.546260497
-0.0070    -11.211346379     -4.648306752
-0.0060    -11.327101584     -4.753663714
-0.0050    -11.444531932     -4.862467324
-0.0040    -11.563647496     -4.974860012
-0.0030    -11.684456121     -5.090991030
-0.0020    -11.806963125     -5.211016797
-0.0010    -11.931170974     -5.335101264
 0.0000    -12.057078918     -5.463416290
 0.0010    -12.184682589     -5.596142039
 0.0020    -12.313973561     -5.733467388
 0.0030    -12.444938861     -5.875590360
 0.0040    -12.577560428     -6.022718558
 0.0050    -12.711814518     -6.175069630
 0.0060    -12.847671045     -6.332871736
 0.0070    -12.985092858     -6.496364031
 0.0080    -13.124034940     -6.665797161
 0.0090    -13.264443527     -6.841433766
 0.0100    -13.406255138     -7.023548986
 0.0110    -13.549395503     -7.212430968
 0.0120    -13.693778386     -7.408381381
 0.0130    -13.839304293     -7.611715902
 0.0140    -13.985859043     -7.822764708
 0.0150    -14.133312210     -8.041872929
 0.0160    -14.281515397     -8.269401074
 0.0170    -14.430300359     -8.505725412
 0.0180    -14.579476935     -8.751238289
 0.0190    -14.728830790     -9.006348372
 0.0200    -14.878120942     -9.271480800
 0.0210    -15.027077065     -9.547077208
 0.0220    -15.175396553     -9.833595612
 0.0230    -15.322741317    -10.131510119
 0.0240    -15.468734319    -10.441310411
 0.0250    -15.612955807    -10.763500990
 0.0260    -15.754939261    -11.098600109
 0.0270    -15.894167017    -11.447138341
 0.0280    -16.030065585    -11.809656737
 0.0290    -16.162000638    -12.186704476
 0.0300    -16.289271700    -12.578835949
 0.0310    -16.411106522    -12.986607168
 0.0320    -16.526655193    -13.410571411
 0.0330    -16.634984007    -13.851273985
 0.0340    -16.735069158    -14.309245985
 0.0350    -16.825790316    -14.784996912
 0.0360    -16.905924216    -15.279006020
 0.0370    -16.974138359    -15.791712231
 0.0380    -17.028985016    -16.323502469
 0.0390    -17.068895733    -16.874698267
 0.0400    -17.092176591    -17.445540499
 0.0410    -17.097004540    -18.036172100
 0.0420    -17.081425165    -18.646618684
 0.0430    -17.043352319    -19.276766988
 0.0440    -16.980570129    -19.926341128
 0.0450    -16.890737936    -20.594876751
 0.0460    -16.771398793    -21.281693222
 0.0470    -16.619992226    -21.985864169
 0.0480    -16.433871951    -22.706186800
 0.0490    -16.210329313    -23.441150639
 0.0500    -15.946623148    -24.188906508
 0.0510    -15.640016711    -24.947236834
 0.0520    -15.287822207    -25.713528604
 0.0530    -14.887453225    -26.484750555
 0.0540    -14.436485108    -27.257436427
 0.0550    -13.932722928    -28.027676312
 0.0560    -13.374276217    -28.791118276
 0.0570    -12.759639092    -29.542982461
 0.0580    -12.087773739    -30.278089797
 0.0590    -11.358194586    -30.990907130
 0.0600    -10.571049792    -31.675610152
 0.0610     -9.727196133    -32.326164764
 0.0620     -8.828262891    -32.936426611
 0.0630     -7.876700155    -33.500257409
 0.0640     -6.875807034    -34.011655427
 0.0650     -5.829735715    -34.464896215
 0.0660     -4.743468193    -34.854678449
 0.0670     -3.622763689    -35.176268742
 0.0680     -2.474076415    -35.425638638
 0.0690     -1.304445073    -35.599586769
 0.0700     -0.121357421    -35.695839512
 0.0710      1.067405043    -35.713124372
 0.0720      2.253935717    -35.651211735
 0.0730      3.430377290    -35.510922449
 0.0740      4.589093854    -35.294100783
 0.0750      5.722832915    -35.003554403
 0.0760      6.824870211    -34.642964969
 0.0770      7.889131604    -34.216774576
 0.0780      8.910287925    -33.730054376
 0.0790      9.883820547    -33.188362314
 0.0800     10.806057283    -32.597596933
 0.0810     11.674179913    -31.963853717
 0.0820     12.486206057    -31.293289586
 0.0830     13.240949090    -30.591999993
 0.0840     13.937960487    -29.865911830
 0.0850     14.577459175    -29.120694041
 0.0860     15.160252410    -28.361686685
 0.0870     15.687652322    -27.593848178
 0.0880     16.161391763    -26.821719620
 0.0890     16.583542432    -26.049404571
 0.0900     16.956437579    -25.280562261
 0.0910     17.282600957    -24.518412022
 0.0920     17.564683066    -23.765746776
 0.0930     17.805405239    -23.024953435
 0.0940     18.007511689    -22.298038305
 0.0950     18.173729326    -21.586655809
 0.0960     18.306734875    -20.892139069
 0.0970     18.409128732    -20.215531183
 0.0980     18.483414836    -19.557616245
 0.0990     18.531985840    -18.918949405
 0.1000     18.557112837    -18.299885441
 0.1010     18.560938955    -17.700605489
 0.1020     18.545476139    -17.121141721
 0.1030     18.512604554    -16.561399854
 0.1040     18.464074056    -16.021179481
 0.1050     18.401507288    -15.500192252
 0.1060     18.326403991    -14.998078004
 0.1070     18.240146201    -14.514418960
 0.1080     18.144004062    -14.048752127
 0.1090     18.039142008    -13.600580048
 0.1100     17.926625148    -13.169380067
 0.1110     17.807425697    -12.754612243
 0.1120     17.682429343    -12.355726076
 0.1130     17.552441464    -11.972166158
 0.1140     17.418193130    -11.603376910
 0.1150     17.280346842    -11.248806483
 0.1160     17.139501990    -10.907909961
 0.1170     16.996199986    -10.580151947
 0.1180     16.850929099    -10.265008616
 0.1190     16.704128961     -9.961969319
 0.1200     16.556194756     -9.670537800
 0.1210     16.407481116     -9.390233083
 0.1220     16.258305714     -9.120590087
 0.1230     16.108952575     -8.861160010
 0.1240     15.959675132     -8.611510513
 0.1250     15.810699026     -8.371225758
 0.1260     15.662224671     -8.139906307
 0.1270     15.514429603     -7.917168913
 0.1280     15.367470633     -7.702646240
 0.1290     15.221485804     -7.495986498
 0.1300     15.076596180     -7.296853047
 0.1310     14.932907478     -7.104923942
 0.1320     14.790511548     -6.919891466
 0.1330     14.649487728     -6.741461638
 0.1340     14.509904065     -6.569353707
 0.1350     14.371818438     -6.403299644
 0.1360     14.235279563     -6.243043636
 0.1370     14.100327920     -6.088341577
 0.1380     13.966996582     -5.938960572
 0.1390     13.835311974     -5.794678449
 0.1400     13.705294558     -5.655283279
 0.1410     13.576959457     -5.520572918
 0.1420     13.450317018     -5.390354554
 0.1430     13.325373321     -5.264444273
 0.1440     13.202130641     -5.142666645
 0.1450     13.080587869     -5.024854317
 0.1460     12.960740889     -4.910847632
 0.1470     12.842582918     -4.800494255
 0.1480     12.726104822     -4.693648823
 0.1490     12.611295390     -4.590172604
 0.1500     12.498141588     -4.489933177
 0.1510     12.386628789     -4.392804124
 0.1520     12.276740980     -4.298664735
 0.1530     12.168460945     -4.207399729
 0.1540     12.061770436     -4.118898993
 0.1550     11.956650322     -4.033057322
 0.1560     11.853080724     -3.949774186
 0.1570     11.751041142     -3.868953498
 0.1580     11.650510562     -3.790503396
 0.1590     11.551467555     -3.714336041
 0.1600     11.453890367     -3.640367422
 0.1610     11.357756998     -3.568517164
 0.1620     11.263045272     -3.498708361
 0.1630     11.169732905     -3.430867401
 0.1640     11.077797557     -3.364923814
 0.1650     10.987216884     -3.300810117
 0.1660     10.897968587     -3.238461674
 0.1670     10.810030446     -3.177816558
 0.1680     10.723380359     -3.118815428
 0.1690     10.637996373     -3.061401400
 0.1700     10.553856710     -3.005519936
 0.1710     10.470939793     -2.951118734
 0.1720     10.389224265     -2.898147622
 0.1730     10.308689009     -2.846558462
 0.1740     10.229313162     -2.796305053
 0.1750     10.151076130     -2.747343042
 0.1760     10.073957598     -2.699629843
 0.1770      9.997937540     -2.653124554
 0.1780      9.922996227     -2.607787880
 0.1790      9.849114234     -2.563582062
 0.1800      9.776272445     -2.520470809
 0.1810      9.704452053     -2.478419230
 0.1820      9.633634570     -2.437393773
 0.1830      9.563801822     -2.397362167
 0.1840      9.494935953     -2.358293362
 0.1850      9.427019427     -2.320157482
 0.1860      9.360035021     -2.282925766
 0.1870      9.293965832     -2.246570528
 0.1880      9.228795271     -2.211065105
 0.1890      9.164507058     -2.176383813
 0.1900      9.101085227     -2.142501909
 0.1910      9.038514115     -2.109395550
 0.1920      8.976778365     -2.077041754
 0.1930      8.915862919     -2.045418363
 0.1940      8.855753014     -2.014504011
 0.1950      8.796434182     -1.984278090
 0.1960      8.737892239     -1.954720719
 0.1970      8.680113288     -1.925812714
 0.1980      8.623083709     -1.897535560
 0.1990      8.566790158     -1.869871384
 0.2000      8.511219561     -1.842802927
 0.2010      8.456359107     -1.816313522
 0.2020      8.402196249     -1.790387070
 0.2030      8.348718694     -1.765008015
 0.2040      8.295914400     -1.740161327
 0.2050      8.243771572     -1.715832476
 0.2060      8.192278656     -1.692007418
 0.2070      8.141424336     -1.668672570
 0.2080      8.091197526     -1.645814799
 0.2090      8.041587371     -1.623421399
 0.2100      7.992583236     -1.601480078
 0.2110      7.944174704     -1.579978940
 0.2120      7.896351574     -1.558906471
 0.2130      7.849103853     -1.538251528
 0.2140      7.802421752     -1.518003318
 0.2150      7.756295684     -1.498151391
 0.2160      7.710716258     -1.478685625
 0.2170      7.665674274     -1.459596214
 0.2180      7.621160721     -1.440873656
 0.2190      7.577166770     -1.422508744
 0.2200      7.533683773     -1.404492551
 0.2210      7.490703258     -1.386816427
 0.2220      7.448216925     -1.369471980
 0.2230      7.406216640     -1.352451075
 0.2240      7.364694436     -1.335745821
 0.2250      7.323642505     -1.319348560
 0.2260      7.283053197     -1.303251866
 0.2270      7.242919016     -1.287448530
 0.2280      7.203232614     -1.271931554
 0.2290      7.163986793     -1.256694147
 0.2300      7.125174496     -1.241729715
 0.2310      7.086788808     -1.227031853
 0.2320      7.048822951     -1.212594343
 0.2330      7.011270279     -1.198411144
 0.2340      6.974124281     -1.184476387
 0.2350      6.937378571     -1.170784368
 0.2360      6.901026890     -1.157329546
 0.2370      6.865063100     -1.144106535
 0.2380      6.829481185     -1.131110098
 0.2390      6.794275244     -1.118335144
 0.2400      6.759439493     -1.105776723
 0.2410      6.724968256     -1.093430021
 0.2420      6.690855970     -1.081290354
 0.2430      6.657097178     -1.069353168
 0.2440      6.623686527     -1.057614031
 0.2450      6.590618767     -1.046068629
 0.2460      6.557888747     -1.034712766
 0.2470      6.525491416     -1.023542356
 0.2480      6.493421816     -1.012553422
 0.2490      6.461675085     -1.001742093
 0.2500      6.430246449     -0.991104597
 0.2510      6.399131228     -0.980637264
 0.2520      6.368324827     -0.970336516
 0.2530      6.337822735     -0.960198871
 0.2540      6.307620529     -0.950220934
 0.2550      6.277713864     -0.940399398
 0.2560      6.248098476     -0.930731041
 0.2570      6.218770181     -0.921212722
 0.2580      6.189724871     -0.911841380
 0.2590      6.160958511     -0.902614029
 0.2600      6.132467143     -0.893527761
 0.2610      6.104246877     -0.884579738
 0.2620      6.076293896     -0.875767193
 0.2630      6.048604450     -0.867087428
 0.2640      6.021174858     -0.858537810
 0.2650      5.994001504     -0.850115772
 0.2660      5.967080837     -0.841818808
 0.2670      5.940409367     -0.833644473
 0.2680      5.913983668     -0.825590381
 0.2690      5.887800374     -0.817654205
 0.2700      5.861856178     -0.809833670
 0.2710      5.836147831     -0.802126559
 0.2720      5.810672140     -0.794530705
 0.2730      5.785425968     -0.787043994
 0.2740      5.760406234     -0.779664358
 0.2750      5.735609908     -0.772389782
 0.2760      5.711034013     -0.765218295
 0.2770      5.686675623     -0.758147972
 0.2780      5.662531862     -0.751176933
 0.2790      5.638599904     -0.744303341
 0.2800      5.614876969     -0.737525400
 0.2810      5.591360326     -0.730841357
 0.2820      5.568047289     -0.724249497
 0.2830      5.544935218     -0.717748144
 0.2840      5.522021515     -0.711335660
 0.2850      5.499303629     -0.705010444
 0.2860      5.476779048     -0.698770929
 0.2870      5.454445303     -0.692615584
 0.2880      5.432299966     -0.686542913
 0.2890      5.410340649     -0.680551450
 0.2900      5.388565004     -0.674639763
 0.2910      5.366970718     -0.668806452
 0.2920      5.345555520     -0.663050146
 0.2930      5.324317172     -0.657369503
 0.2940      5.303253476     -0.651763212
 0.2950      5.282362267     -0.646229989
 0.2960      5.261641414     -0.640768576
 0.2970      5.241088823     -0.635377745
 0.2980      5.220702431     -0.630056291
 0.2990      5.200480209     -0.624803037
 0.3000      5.180420160     -0.619616828
 0.3010      5.160520317     -0.614496536
 0.3020      5.140778747     -0.609441053
 0.3030      5.121193545     -0.604449298
 0.3040      5.101762836     -0.599520210
 0.3050      5.082484774     -0.594652750
 0.3060      5.063357544     -0.589845901
 0.3070      5.044379356     -0.585098666
 0.3080      5.025548450     -0.580410069
 0.3090      5.006863091     -0.575779153
 0.3100      4.988321573     -0.571204981
 0.3110      4.969922212     -0.566686636
 0.3120      4.951663355     -0.562223216
 0.3130      4.933543370     -0.557813841
 0.3140      4.915560651     -0.553457645
 0.3150      4.897713617     -0.549153782
 0.3160      4.880000709     -0.544901420
 0.3170      4.862420392     -0.540699746
 0.3180      4.844971156     -0.536547962
 0.3190      4.827651509     -0.532445284
 0.3200      4.810459985     -0.528390945
 0.3210      4.793395139     -0.524384193
 0.3220      4.776455546     -0.520424289
 0.3230      4.759639801     -0.516510509
 0.3240      4.742946524     -0.512642144
 0.3250      4.726374350     -0.508818497
 0.3260      4.709921936     -0.505038884
 0.3270      4.693587960     -0.501302636
 0.3280      4.677371116     -0.497609095
 0.3290      4.661270119     -0.493957615
 0.3300      4.645283701     -0.490347562
 0.3310      4.629410613     -0.486778317
 0.3320      4.613649625     -0.483249268
 0.3330      4.597999522     -0.479759818
 0.3340      4.582459107     -0.476309379
 0.3350      4.567027200     -0.472897373
 0.3360      4.551702639     -0.469523236
 0.3370      4.536484276     -0.466186411
 0.3380      4.521370981     -0.462886352
 0.3390      4.506361637     -0.459622524
 0.3400      4.491455147     -0.456394401
 0.3410      4.476650425     -0.453201466
 0.3420      4.461946401     -0.450043211
 0.3430      4.447342021     -0.446919140
 0.3440      4.432836245     -0.443828761
 0.3450      4.418428046     -0.440771595
 0.3460      4.404116413     -0.437747169
 0.3470      4.389900347     -0.434755019
 0.3480      4.375778863     -0.431794690
 0.3490      4.361750990     -0.428865734
 0.3500      4.347815768     -0.425967711
 0.3510      4.333972253     -0.423100190
 0.3520      4.320219512     -0.420262744
 0.3530      4.306556624     -0.417454957
 0.3540      4.292982680     -0.414676418
 0.3550      4.279496785     -0.411926725
 0.3560      4.266098054     -0.409205481
 0.3570      4.252785614     -0.406512296
 0.3580      4.239558604     -0.403846788
 0.3590      4.226416173     -0.401208580
 0.3600      4.213357484     -0.398597302
 0.3610      4.200381707     -0.396012591
 0.3620      4.187488025     -0.393454088
 0.3630      4.174675633     -0.390921442
 0.3640      4.161943733     -0.388414307
 0.3650      4.149291539     -0.385932343
 0.3660      4.136718275     -0.383475215
 0.3670      4.124223176     -0.381042594
 0.3680      4.111805484     -0.378634158
 0.3690      4.099464454     -0.376249586
 0.3700      4.087199347     -0.373888567
 0.3710      4.075009436     -0.371550793
 0.3720      4.062894003     -0.369235960
 0.3730      4.050852336     -0.366943770
 0.3740      4.038883736     -0.364673931
 0.3750      4.026987510     -0.362426153
 0.3760      4.015162974     -0.360200153
 0.3770      4.003409455     -0.357995651
 0.3780      3.991726284     -0.355812373
 0.3790      3.980112803     -0.353650047
 0.3800      3.968568362     -0.351508408
 0.3810      3.957092319     -0.349387193
 0.3820      3.945684039     -0.347286146
 0.3830      3.934342895     -0.345205010
 0.3840      3.923068268     -0.343143538
 0.3850      3.911859547     -0.341101482
 0.3860      3.900716126     -0.339078601
 0.3870      3.889637410     -0.337074656
 0.3880      3.878622807     -0.335089412
 0.3890      3.867671736     -0.333122639
 0.3900      3.856783620     -0.331174108
 0.3910      3.845957891     -0.329243596
 0.3920      3.835193987     -0.327330881
 0.3930      3.824491351     -0.325435747
 0.3940      3.813849436     -0.323557979
 0.3950      3.803267698     -0.321697368
 0.3960      3.792745601     -0.319853704
 0.3970      3.782282616     -0.318026783
 0.3980      3.771878219     -0.316216405
 0.3990      3.761531892     -0.314422371
 0.4000      3.751243124     -0.312644485
 0.4010      3.741011410     -0.310882555
 0.4020      3.730836249     -0.309136390
 0.4030      3.720717148     -0.307405805
 0.4040      3.710653618     -0.305690615
 0.4050      3.700645176     -0.303990639
 0.4060      3.690691346     -0.302305697
 0.4070      3.680791656     -0.300635615
 0.4080      3.670945639     -0.298980217
 0.4090      3.661152835     -0.297339333
 0.4100      3.651412787     -0.295712795
 0.4110      3.641725044     -0.294100436
 0.4120      3.632089161     -0.292502093
 0.4130      3.622504698     -0.290917603
 0.4140      3.612971219     -0.289346809
 0.4150      3.603488292     -0.287789553
 0.4160      3.594055491     -0.286245681
 0.4170      3.584672397     -0.284715040
 0.4180      3.575338590     -0.283197479
 0.4190      3.566053661     -0.281692852
 0.4200      3.556817200     -0.280201011
 0.4210      3.547628806     -0.278721814
 0.4220      3.538488078     -0.277255117
 0.4230      3.529394624     -0.275800781
 0.4240      3.520348053     -0.274358668
 0.4250      3.511347979     -0.272928641
 0.4260      3.502394021     -0.271510568
 0.4270      3.493485802     -0.270104314
 0.4280      3.484622947     -0.268709750
 0.4290      3.475805088     -0.267326747
 0.4300      3.467031859     -0.265955178
 0.4310      3.458302899     -0.264594917
 0.4320      3.449617849     -0.263245841
 0.4330      3.440976358     -0.261907829
 0.4340      3.432378073     -0.260580759
 0.4350      3.423822649     -0.259264514
 0.4360      3.415309743     -0.257958977
 0.4370      3.406839017     -0.256664031
 0.4380      3.398410134     -0.255379563
 0.4390      3.390022763     -0.254105461
 0.4400      3.381676574     -0.252841614
 0.4410      3.373371244     -0.251587913
 0.4420      3.365106450     -0.250344249
 0.4430      3.356881874     -0.249110516
 0.4440      3.348697201     -0.247886609
 0.4450      3.340552118     -0.246672425
 0.4460      3.332446318     -0.245467861
 0.4470      3.324379495     -0.244272815
 0.4480      3.316351347     -0.243087189
 0.4490      3.308361574     -0.241910884
 0.4500      3.300409880     -0.240743803
 0.4510      3.292495973     -0.239585849
 0.4520      3.284619561     -0.238436929
 0.4530      3.276780358     -0.237296949
 0.4540      3.268978080     -0.236165817
 0.4550      3.261212445     -0.235043442
 0.4560      3.253483173     -0.233929733
 0.4570      3.245789991     -0.232824603
 0.4580      3.238132623     -0.231727964
 0.4590      3.230510801     -0.230639729
 0.4600      3.222924256     -0.229559813
 0.4610      3.215372724     -0.228488132
 0.4620      3.207855941     -0.227424602
 0.4630      3.200373649     -0.226369141
 0.4640      3.192925590     -0.225321669
 0.4650      3.185511509     -0.224282105
 0.4660      3.178131154     -0.223250370
 0.4670      3.170784276     -0.222226385
 0.4680      3.163470627     -0.221210075
 0.4690      3.156189962     -0.220201362
 0.4700      3.148942038     -0.219200171
 0.4710      3.141726617     -0.218206428
 0.4720      3.134543459     -0.217220059
 0.4730      3.127392330     -0.216240993
 0.4740      3.120272995     -0.215269157
 0.4750      3.113185225     -0.214304480
 0.4760      3.106128789     -0.213346894
 0.4770      3.099103463     -0.212396327
 0.4780      3.092109021     -0.211452714
 0.4790      3.085145240     -0.210515986
 0.4800      3.078211901     -0.209586076
 0.4810      3.071308786     -0.208662919
 0.4820      3.064435678     -0.207746450
 0.4830      3.057592364     -0.206836604
 0.4840      3.050778632     -0.205933319
 0.4850      3.043994270     -0.205036531
 0.4860      3.037239073     -0.204146179
 0.4870      3.030512832     -0.203262201
 0.4880      3.023815345     -0.202384537
 0.4890      3.017146409     -0.201513128
 0.4900      3.010505824     -0.200647914
 0.4910      3.003893390     -0.199788836
 0.4920      2.997308912     -0.198935838
 0.4930      2.990752194     -0.198088862
 0.4940      2.984223044     -0.197247852
 0.4950      2.977721270     -0.196412752
 0.4960      2.971246682     -0.195583507
 0.4970      2.964799092     -0.194760063
 0.4980      2.958378316     -0.193942366
 0.4990      2.951984167     -0.193130363
 0.5000      2.945616463     -0.192324002
 0.5010      2.939275024     -0.191523230
 0.5020      2.932959669     -0.190727996
 0.5030      2.926670222     -0.189938249
 0.5040      2.920406504     -0.189153940
 0.5050      2.914168343     -0.188375019
 0.5060      2.907955565     -0.187601436
 0.5070      2.901767998     -0.186833143
 0.5080      2.895605472     -0.186070093
 0.5090      2.889467820     -0.185312238
 0.5100      2.883354872     -0.184559530
 0.5110      2.877266466     -0.183811925
 0.5120      2.871202435     -0.183069376
 0.5130      2.865162618     -0.182331837
 0.5140      2.859146853     -0.181599264
 0.5150      2.853154981     -0.180871613
 0.5160      2.847186843     -0.180148839
 0.5170      2.841242282     -0.179430901
 0.5180      2.835321143     -0.178717754
 0.5190      2.829423271     -0.178009356
 0.5200      2.823548514     -0.177305666
 0.5210      2.817696719     -0.176606642
 0.5220      2.811867737     -0.175912243
 0.5230      2.806061419     -0.175222429
 0.5240      2.800277616     -0.174537159
 0.5250      2.794516183     -0.173856394
 0.5260      2.788776974     -0.173180095
 0.5270      2.783059846     -0.172508223
 0.5280      2.777364655     -0.171840739
 0.5290      2.771691260     -0.171177606
 0.5300      2.766039522     -0.170518786
 0.5310      2.760409300     -0.169864242
 0.5320      2.754800457     -0.169213937
 0.5330      2.749212856     -0.168567835
 0.5340      2.743646361     -0.167925900
 0.5350      2.738100839     -0.167288096
 0.5360      2.732576155     -0.166654388
 0.5370      2.727072178     -0.166024741
 0.5380      2.721588777     -0.165399122
 0.5390      2.716125821     -0.164777495
 0.5400      2.710683181     -0.164159827
 0.5410      2.705260731     -0.163546085
 0.5420      2.699858342     -0.162936236
 0.5430      2.694475890     -0.162330246
 0.5440      2.689113249     -0.161728084
 0.5450      2.683770296     -0.161129718
 0.5460      2.678446908     -0.160535116
 0.5470      2.673142964     -0.159944247
 0.5480      2.667858343     -0.159357079
 0.5490      2.662592926     -0.158773582
 0.5500      2.657346592     -0.158193726
 0.5510      2.652119226     -0.157617481
 0.5520      2.646910710     -0.157044816
 0.5530      2.641720929     -0.156475703
 0.5540      2.636549767     -0.155910112
 0.5550      2.631397111     -0.155348014
 0.5560      2.626262847     -0.154789381
 0.5570      2.621146864     -0.154234185
 0.5580      2.616049050     -0.153682398
 0.5590      2.610969295     -0.153133991
 0.5600      2.605907490     -0.152588938
 0.5610      2.600863525     -0.152047212
 0.5620      2.595837294     -0.151508785
 0.5630      2.590828690     -0.150973631
 0.5640      2.585837606     -0.150441724
 0.5650      2.580863937     -0.149913038
 0.5660      2.575907580     -0.149387547
 0.5670      2.570968430     -0.148865225
 0.5680      2.566046385     -0.148346047
 0.5690      2.561141344     -0.147829988
 0.5700      2.556253204     -0.147317023
 0.5710      2.551381866     -0.146807128
 0.5720      2.546527230     -0.146300279
 0.5730      2.541689198     -0.145796451
 0.5740      2.536867671     -0.145295621
 0.5750      2.532062553     -0.144797764
 0.5760      2.527273747     -0.144302859
 0.5770      2.522501157     -0.143810881
 0.5780      2.517744689     -0.143321808
 0.5790      2.513004248     -0.142835617
 0.5800      2.508279741     -0.142352285
 0.5810      2.503571074     -0.141871791
 0.5820      2.498878157     -0.141394112
 0.5830      2.494200897     -0.140919226
 0.5840      2.489539204     -0.140447113
 0.5850      2.484892988     -0.139977750
 0.5860      2.480262160     -0.139511117
 0.5870      2.475646631     -0.139047192
 0.5880      2.471046313     -0.138585955
 0.5890      2.466461119     -0.138127385
 0.5900      2.461890963     -0.137671461
 0.5910      2.457335758     -0.137218165
 0.5920      2.452795419     -0.136767474
 0.5930      2.448269862     -0.136319371
 0.5940      2.443759002     -0.135873835
 0.5950      2.439262756     -0.135430846
 0.5960      2.434781042     -0.134990386
 0.5970      2.430313777     -0.134552436
 0.5980      2.425860879     -0.134116976
 0.5990      2.421422269     -0.133683988
 0.6000      2.416997864     -0.133253453
 0.6010      2.412587587     -0.132825353
 0.6020      2.408191357     -0.132399670
 0.6030      2.403809095     -0.131976386
 0.6040      2.399440725     -0.131555483
 0.6050      2.395086169     -0.131136943
 0.6060      2.390745349     -0.130720749
 0.6070      2.386418190     -0.130306883
 0.6080      2.382104615     -0.129895329
 0.6090      2.377804550     -0.129486068
 0.6100      2.373517920     -0.129079085
 0.6110      2.369244651     -0.128674363
 0.6120      2.364984670     -0.128271885
 0.6130      2.360737902     -0.127871634
 0.6140      2.356504277     -0.127473595
 0.6150      2.352283721     -0.127077750
 0.6160      2.348076164     -0.126684085
 0.6170      2.343881535     -0.126292584
 0.6180      2.339699763     -0.125903230
 0.6190      2.335530778     -0.125516009
 0.6200      2.331374510     -0.125130904
 0.6210      2.327230892     -0.124747901
 0.6220      2.323099854     -0.124366984
 0.6230      2.318981329     -0.123988139
 0.6240      2.314875249     -0.123611350
 0.6250      2.310781547     -0.123236603
 0.6260      2.306700157     -0.122863884
 0.6270      2.302631013     -0.122493177
 0.6280      2.298574048     -0.122124469
 0.6290      2.294529199     -0.121757745
 0.6300      2.290496399     -0.121392991
 0.6310      2.286475586     -0.121030193
 0.6320      2.282466696     -0.120669338
 0.6330      2.278469664     -0.120310412
 0.6340      2.274484429     -0.119953401
 0.6350      2.270510927     -0.119598292
 0.6360      2.266549097     -0.119245071
 0.6370      2.262598878     -0.118893725
 0.6380      2.258660208     -0.118544241
 0.6390      2.254733026     -0.118196606
 0.6400      2.250817273     -0.117850807
 0.6410      2.246912887     -0.117506831
 0.6420      2.243019811     -0.117164667
 0.6430      2.239137985     -0.116824300
 0.6440      2.235267349     -0.116485719
 0.6450      2.231407847     -0.116148911
 0.6460      2.227559420     -0.115813865
 0.6470      2.223722010     -0.115480567
 0.6480      2.219895561     -0.115149007
 0.6490      2.216080016     -0.114819172
 0.6500      2.212275319     -0.114491049
 0.6510      2.208481413     -0.114164629
 0.6520      2.204698244     -0.113839898
 0.6530      2.200925756     -0.113516846
 0.6540      2.197163894     -0.113195461
 0.6550      2.193412604     -0.112875731
 0.6560      2.189671832     -0.112557646
 0.6570      2.185941524     -0.112241195
 0.6580      2.182221627     -0.111926365
 0.6590      2.178512088     -0.111613147
 0.6600      2.174812855     -0.111301530
 0.6610      2.171123874     -0.110991502
 0.6620      2.167445095     -0.110683054
 0.6630      2.163776465     -0.110376174
 0.6640      2.160117933     -0.110070852
 0.6650      2.156469449     -0.109767078
 0.6660      2.152830962     -0.109464841
 0.6670      2.149202422     -0.109164131
 0.6680      2.145583779     -0.108864938
 0.6690      2.141974982     -0.108567252
 0.6700      2.138375984     -0.108271063
 0.6710      2.134786735     -0.107976361
 0.6720      2.131207187     -0.107683136
 0.6730      2.127637291     -0.107391379
 0.6740      2.124076999     -0.107101080
 0.6750      2.120526264     -0.106812229
 0.6760      2.116985039     -0.106524817
 0.6770      2.113453276     -0.106238834
 0.6780      2.109930928     -0.105954271
 0.6790      2.106417950     -0.105671119
 0.6800      2.102914295     -0.105389369
 0.6810      2.099419917     -0.105109011
 0.6820      2.095934771     -0.104830037
 0.6830      2.092458811     -0.104552437
 0.6840      2.088991993     -0.104276203
 0.6850      2.085534272     -0.104001326
 0.6860      2.082085604     -0.103727797
 0.6870      2.078645944     -0.103455607
 0.6880      2.075215248     -0.103184748
 0.6890      2.071793474     -0.102915211
 0.6900      2.068380578     -0.102646989
 0.6910      2.064976517     -0.102380071
 0.6920      2.061581248     -0.102114451
 0.6930      2.058194728     -0.101850119
 0.6940      2.054816917     -0.101587068
 0.6950      2.051447771     -0.101325289
 0.6960      2.048087249     -0.101064775
 0.6970      2.044735311     -0.100805518
 0.6980      2.041391913     -0.100547508
 0.6990      2.038057017     -0.100290740
 0.7000      2.034730580     -0.100035204
 0.7010      2.031412564     -0.099780893
 0.7020      2.028102927     -0.099527799
 0.7030      2.024801630     -0.099275915
 0.7040      2.021508634     -0.099025234
 0.7050      2.018223898     -0.098775746
 0.7060      2.014947385     -0.098527446
 0.7070      2.011679054     -0.098280326
 0.7080      2.008418868     -0.098034378
 0.7090      2.005166787     -0.097789595
 0.7100      2.001922775     -0.097545971
 0.7110      1.998686792     -0.097303497
 0.7120      1.995458802     -0.097062166
 0.7130      1.992238766     -0.096821972
 0.7140      1.989026648     -0.096582908
 0.7150      1.985822410     -0.096344966
 0.7160      1.982626017     -0.096108140
 0.7170      1.979437430     -0.095872423
 0.7180      1.976256615     -0.095637808
 0.7190      1.973083534     -0.095404289
 0.7200      1.969918152     -0.095171858
 0.7210      1.966760433     -0.094940509
 0.7220      1.963610343     -0.094710236
 0.7230      1.960467845     -0.094481031
 0.7240      1.957332904     -0.094252889
 0.7250      1.954205486     -0.094025803
 0.7260      1.951085557     -0.093799767
 0.7270      1.947973081     -0.093574773
 0.7280      1.944868024     -0.093350817
 0.7290      1.941770354     -0.093127892
 0.7300      1.938680035     -0.092905991
 0.7310      1.935597034     -0.092685108
 0.7320      1.932521318     -0.092465238
 0.7330      1.929452854     -0.092246374
 0.7340      1.926391608     -0.092028511
 0.7350      1.923337548     -0.091811641
 0.7360      1.920290642     -0.091595760
 0.7370      1.917250856     -0.091380862
 0.7380      1.914218159     -0.091166940
 0.7390      1.911192519     -0.090953989
 0.7400      1.908173903     -0.090742003
 0.7410      1.905162281     -0.090530977
 0.7420      1.902157620     -0.090320904
 0.7430      1.899159889     -0.090111779
 0.7440      1.896169058     -0.089903597
 0.7450      1.893185096     -0.089696352
 0.7460      1.890207971     -0.089490039
 0.7470      1.887237653     -0.089284651
 0.7480      1.884274112     -0.089080185
 0.7490      1.881317317     -0.088876633
 0.7500      1.878367239     -0.088673991
 0.7510      1.875423848     -0.088472255
 0.7520      1.872487113     -0.088271417
 0.7530      1.869557006     -0.088071474
 0.7540      1.866633497     -0.087872419
 0.7550      1.863716557     -0.087674249
 0.7560      1.860806157     -0.087476957
 0.7570      1.857902268     -0.087280539
 0.7580      1.855004862     -0.087084990
 0.7590      1.852113909     -0.086890304
 0.7600      1.849229382     -0.086696477
 0.7610      1.846351253     -0.086503503
 0.7620      1.843479493     -0.086311379
 0.7630      1.840614074     -0.086120098
 0.7640      1.837754969     -0.085929657
 0.7650      1.834902151     -0.085740050
 0.7660      1.832055591     -0.085551273
 0.7670      1.829215263     -0.085363321
 0.7680      1.826381140     -0.085176189
 0.7690      1.823553194     -0.084989873
 0.7700      1.820731399     -0.084804367
 0.7710      1.817915728     -0.084619668
 0.7720      1.815106156     -0.084435771
 0.7730      1.812302654     -0.084252672
 0.7740      1.809505198     -0.084070365
 0.7750      1.806713761     -0.083888847
 0.7760      1.803928317     -0.083708112
 0.7770      1.801148841     -0.083528157
 0.7780      1.798375306     -0.083348978
 0.7790      1.795607689     -0.083170569
 0.7800      1.792845962     -0.082992927
 0.7810      1.790090101     -0.082816047
 0.7820      1.787340082     -0.082639926
 0.7830      1.784595878     -0.082464558
 0.7840      1.781857466     -0.082289940
 0.7850      1.779124820     -0.082116068
 0.7860      1.776397917     -0.081942937
 0.7870      1.773676731     -0.081770543
 0.7880      1.770961239     -0.081598883
 0.7890      1.768251416     -0.081427952
 0.7900      1.765547239     -0.081257746
 0.7910      1.762848683     -0.081088261
 0.7920      1.760155726     -0.080919494
 0.7930      1.757468343     -0.080751440
 0.7940      1.754786511     -0.080584096
 0.7950      1.752110206     -0.080417457
 0.7960      1.749439406     -0.080251520
 0.7970      1.746774088     -0.080086281
 0.7980      1.744114228     -0.079921736
 0.7990      1.741459803     -0.079757881
 0.8000      1.738810792     -0.079594713
 0.8010      1.736167170     -0.079432228
 0.8020      1.733528917     -0.079270422
 0.8030      1.730896010     -0.079109292
 0.8040      1.728268425     -0.078948834
 0.8050      1.725646143     -0.078789044
 0.8060      1.723029139     -0.078629918
 0.8070      1.720417393     -0.078471454
 0.8080      1.717810883     -0.078313648
 0.8090      1.715209586     -0.078156495
 0.8100      1.712613483     -0.077999993
 0.8110      1.710022550     -0.077844139
 0.8120      1.707436768     -0.077688928
 0.8130      1.704856114     -0.077534357
 0.8140      1.702280568     -0.077380423
 0.8150      1.699710109     -0.077227123
 0.8160      1.697144716     -0.077074452
 0.8170      1.694584368     -0.076922409
 0.8180      1.692029044     -0.076770989
 0.8190      1.689478725     -0.076620189
 0.8200      1.686933389     -0.076470006
 0.8210      1.684393017     -0.076320436
 0.8220      1.681857588     -0.076171477
 0.8230      1.679327082     -0.076023126
 0.8240      1.676801480     -0.075875378
 0.8250      1.674280760     -0.075728231
 0.8260      1.671764904     -0.075581682
 0.8270      1.669253892     -0.075435728
 0.8280      1.666747705     -0.075290365
 0.8290      1.664246322     -0.075145591
 0.8300      1.661749724     -0.075001402
 0.8310      1.659257893     -0.074857796
 0.8320      1.656770809     -0.074714768
 0.8330      1.654288453     -0.074572317
 0.8340      1.651810805     -0.074430440
 0.8350      1.649337848     -0.074289133
 0.8360      1.646869563     -0.074148393
 0.8370      1.644405930     -0.074008218
 0.8380      1.641946931     -0.073868604
 0.8390      1.639492548     -0.073729550
 0.8400      1.637042762     -0.073591051
 0.8410      1.634597555     -0.073453105
 0.8420      1.632156908     -0.073315710
 0.8430      1.629720805     -0.073178861
 0.8440      1.627289226     -0.073042558
 0.8450      1.624862153     -0.072906796
 0.8460      1.622439570     -0.072771574
 0.8470      1.620021457     -0.072636887
 0.8480      1.617607798     -0.072502735
 0.8490      1.615198575     -0.072369113
 0.8500      1.612793771     -0.072236020
 0.8510      1.610393367     -0.072103452
 0.8520      1.607997347     -0.071971407
 0.8530      1.605605694     -0.071839882
 0.8540      1.603218389     -0.071708875
 0.8550      1.600835418     -0.071578383
 0.8560      1.598456761     -0.071448404
 0.8570      1.596082403     -0.071318934
 0.8580      1.593712327     -0.071189972
 0.8590      1.591346516     -0.071061515
 0.8600      1.588984953     -0.070933560
 0.8610      1.586627621     -0.070806105
 0.8620      1.584274505     -0.070679147
 0.8630      1.581925589     -0.070552684
 0.8640      1.579580854     -0.070426714
 0.8650      1.577240287     -0.070301233
 0.8660      1.574903869     -0.070176240
 0.8670      1.572571586     -0.070051732
 0.8680      1.570243421     -0.069927707
 0.8690      1.567919358     -0.069804162
 0.8700      1.565599382     -0.069681095
 0.8710      1.563283477     -0.069558504
 0.8720      1.560971627     -0.069436386
 0.8730      1.558663816     -0.069314739
 0.8740      1.556360030     -0.069193560
 0.8750      1.554060252     -0.069072848
 0.8760      1.551764467     -0.068952600
 0.8770      1.549472660     -0.068832814
 0.8780      1.547184816     -0.068713488
 0.8790      1.544900919     -0.068594619
 0.8800      1.542620955     -0.068476205
 0.8810      1.540344909     -0.068358244
 0.8820      1.538072765     -0.068240733
 0.8830      1.535804508     -0.068123671
 0.8840      1.533540125     -0.068007056
 0.8850      1.531279600     -0.067890885
 0.8860      1.529022918     -0.067775155
 0.8870      1.526770066     -0.067659866
 0.8880      1.524521028     -0.067545015
 0.8890      1.522275790     -0.067430599
 0.8900      1.520034338     -0.067316617
 0.8910      1.517796657     -0.067203066
 0.8920      1.515562733     -0.067089945
 0.8930      1.513332553     -0.066977252
 0.8940      1.511106102     -0.066864983
 0.8950      1.508883365     -0.066753139
 0.8960      1.506664329     -0.066641715
 0.8970      1.504448981     -0.066530711
 0.8980      1.502237306     -0.066420124
 0.8990      1.500029290     -0.066309953
 0.9000      1.497824920     -0.066200195
 0.9010      1.495624183     -0.066090848
 0.9020      1.493427064     -0.065981911
 0.9030      1.491233550     -0.065873382
 0.9040      1.489043628     -0.065765258
 0.9050      1.486857284     -0.065657538
 0.9060      1.484674505     -0.065550220
 0.9070      1.482495278     -0.065443302
 0.9080      1.480319589     -0.065336782
 0.9090      1.478147426     -0.065230658
 0.9100      1.475978775     -0.065124929
 0.9110      1.473813624     -0.065019592
 0.9120      1.471651959     -0.064914646
 0.9130      1.469493768     -0.064810089
 0.9140      1.467339037     -0.064705919
 0.9150      1.465187754     -0.064602134
 0.9160      1.463039907     -0.064498732
 0.9170      1.460895482     -0.064395713
 0.9180      1.458754467     -0.064293073
 0.9190      1.456616849     -0.064190812
 0.9200      1.454482617     -0.064088927
 0.9210      1.452351757     -0.063987416
 0.9220      1.450224257     -0.063886279
 0.9230      1.448100105     -0.063785513
 0.9240      1.445979289     -0.063685117
 0.9250      1.443861796     -0.063585088
 0.9260      1.441747615     -0.063485426
 0.9270      1.439636733     -0.063386128
 0.9280      1.437529138     -0.063287193
 0.9290      1.435424818     -0.063188619
 0.9300      1.433323762     -0.063090405
 0.9310      1.431225957     -0.062992549
 0.9320      1.429131392     -0.062895049
 0.9330      1.427040055     -0.062797904
 0.9340      1.424951934     -0.062701112
 0.9350      1.422867018     -0.062604671
 0.9360      1.420785294     -0.062508580
 0.9370      1.418706752     -0.062412837
 0.9380      1.416631380     -0.062317442
 0.9390      1.414559167     -0.062222391
 0.9400      1.412490100     -0.062127684
 0.9410      1.410424169     -0.062033319
 0.9420      1.408361363     -0.061939295
 0.9430      1.406301670     -0.061845609
 0.9440      1.404245079     -0.061752261
 0.9450      1.402191579     -0.061659250
 0.9460      1.400141159     -0.061566572
 0.9470      1.398093807     -0.061474228
 0.9480      1.396049514     -0.061382215
 0.9490      1.394008267     -0.061290532
 0.9500      1.391970056     -0.061199178
 0.9510      1.389934870     -0.061108150
 0.9520      1.387902699     -0.061017449
 0.9530      1.385873531     -0.060927072
 0.9540      1.383847356     -0.060837017
 0.9550      1.381824163     -0.060747284
 0.9560      1.379803942     -0.060657871
 0.9570      1.377786682     -0.060568776
 0.9580      1.375772373     -0.060479998
 0.9590      1.373761003     -0.060391537
 0.9600      1.371752563     -0.060303389
 0.9610      1.369747043     -0.060215555
 0.9620      1.367744431     -0.060128032
 0.9630      1.365744718     -0.060040819
 0.9640      1.363747893     -0.059953916
 0.9650      1.361753947     -0.059867319
 0.9660      1.359762868     -0.059781029
 0.9670      1.357774648     -0.059695044
 0.9680      1.355789275     -0.059609363
 0.9690      1.353806740     -0.059523983
 0.9700      1.351827033     -0.059438905
 0.9710      1.349850145     -0.059354126
 0.9720      1.347876064     -0.059269646
 0.9730      1.345904781     -0.059185462
 0.9740      1.343936287     -0.059101575
 0.9750      1.341970571     -0.059017982
 0.9760      1.340007624     -0.058934682
 0.9770      1.338047436     -0.058851674
 0.9780      1.336089998     -0.058768956
 0.9790      1.334135300     -0.058686529
 0.9800      1.332183332     -0.058604389
 0.9810      1.330234086     -0.058522536
 0.9820      1.328287550     -0.058440969
 0.9830      1.326343717     -0.058359687
 0.9840      1.324402576     -0.058278688
 0.9850      1.322464118     -0.058197971
 0.9860      1.320528334     -0.058117535
 0.9870      1.318595215     -0.058037379
 0.9880      1.316664751     -0.057957501
 0.9890      1.314736934     -0.057877901
 0.9900      1.312811753     -0.057798577
 0.9910      1.310889201     -0.057719528
 0.9920      1.308969267     -0.057640753
 0.9930      1.307051943     -0.057562250
 0.9940      1.305137219     -0.057484019
 0.9950      1.303225088     -0.057406059
 0.9960      1.301315539     -0.057328368
 0.9970      1.299408564     -0.057250945
 0.9980      1.297504155     -0.057173789
 0.9990      1.295602301     -0.057096899
